0.05,1E-35,1E-35
0.15,1E-35,1E-35
0.25,1E-35,1E-35
0.35,1E-35,1E-35
0.45,1E-35,1E-35
0.55,1E-35,1E-35
0.65,1E-35,1E-35
0.75,1E-35,1E-35
0.85,1E-35,1E-35
0.95,1E-35,1E-35
1.05,3.60633E-12,2.73003E-12
1.15,3.06486E-12,1.05701E-11
1.25,2.2496E-11,3.80077E-11
1.35,1.96415E-10,4.10834E-10
1.45,3.02926E-10,3.97579E-10
1.55,8.51077E-10,9.71581E-10
1.65,2.44714E-9,2.46845E-9
1.75,7.16205E-8,6.88612E-8
1.85,2.33491E-8,2.33911E-8
1.95,4.43124E-9,5.52925E-9
2.05,1.04662E-8,1.09857E-8
2.15,8.21425E-9,8.79155E-9
2.25,9.89392E-9,1.0855E-8
2.35,1.57316E-8,1.61629E-8
2.45,1.32846E-8,1.45167E-8
2.55,1.50009E-8,1.62807E-8
2.65,1.65682E-8,1.8052E-8
2.75,1.93469E-8,2.04204E-8
2.85,1.97404E-8,2.11439E-8
2.95,2.1429E-8,2.30158E-8
3.05,2.32311E-8,2.46359E-8
3.15,2.46774E-8,2.64221E-8
3.25,2.60972E-8,2.77408E-8
3.35,2.77008E-8,2.88964E-8
3.45,2.92476E-8,3.05263E-8
3.55,3.07541E-8,3.18377E-8
3.65,3.14645E-8,3.28008E-8
3.75,3.23833E-8,3.38511E-8
3.85,3.36101E-8,3.50112E-8
3.95,3.4899E-8,3.61352E-8
4.05,3.59277E-8,3.66083E-8
4.15,3.68627E-8,3.8171E-8
4.25,3.77353E-8,3.89505E-8
4.35,3.89197E-8,3.92194E-8
4.45,3.95727E-8,4.08327E-8
4.55,4.01211E-8,4.11925E-8
4.65,4.12328E-8,4.241E-8
4.75,4.18452E-8,4.27297E-8
4.85,4.25054E-8,4.34901E-8
4.95,4.30286E-8,4.3804E-8
5.05,4.39643E-8,4.52164E-8
5.15,4.43937E-8,4.60069E-8
5.25,4.54691E-8,4.58454E-8
5.35,4.54321E-8,4.69949E-8
5.45,4.58266E-8,4.74008E-8
5.55,4.65769E-8,4.79017E-8
5.65,4.70268E-8,4.8835E-8
5.75,4.74801E-8,4.88759E-8
5.85,4.72833E-8,4.96408E-8
5.95,4.79849E-8,4.94048E-8
6.05,4.79463E-8,5.01486E-8
6.15,4.89285E-8,5.00926E-8
6.25,4.83557E-8,5.0732E-8
6.35,4.92986E-8,5.13173E-8
6.45,4.92856E-8,5.11662E-8
6.55,4.92479E-8,5.18019E-8
6.65,4.93109E-8,5.14131E-8
6.75,4.97642E-8,5.19761E-8
6.85,4.99592E-8,5.21732E-8
6.95,4.98038E-8,5.29141E-8
7.05,5.01518E-8,5.23412E-8
7.15,5.01188E-8,5.26055E-8
7.25,5.00536E-8,5.22708E-8
7.35,2.03044E-7,2.1443E-7
7.45,4.9644E-8,5.32439E-8
7.55,4.9909E-8,5.32591E-8
7.65,5.11777E-8,5.46156E-8
7.75,4.99509E-8,5.30814E-8
7.85,5.01014E-8,5.35479E-8
7.95,5.11003E-8,5.45836E-8
8.05,4.983E-8,5.33059E-8
8.15,4.96043E-8,5.33106E-8
8.25,5.09024E-8,5.43441E-8
8.35,3.01708E-6,3.31095E-6
8.45,4.93918E-8,5.30738E-8
8.55,4.92076E-8,5.27499E-8
8.65,4.85775E-8,5.2509E-8
8.75,8.15419E-8,9.07842E-8
8.85,4.8345E-8,5.21769E-8
8.95,4.83912E-8,5.22869E-8
9.05,4.77506E-8,5.21444E-8
9.15,4.81171E-8,5.20614E-8
9.25,4.85212E-8,5.28885E-8
9.35,4.79102E-8,5.17916E-8
9.45,4.77955E-8,5.17173E-8
9.55,1.36124E-7,1.51134E-7
9.65,1.42989E-6,1.60952E-6
9.75,4.76313E-8,5.2347E-8
9.85,1.59823E-7,1.73811E-7
9.95,6.60117E-7,7.29561E-7
10.05,4.54322E-8,5.04719E-8
10.15,7.08879E-8,7.88787E-8
10.25,3.84791E-8,4.163E-8
10.35,3.30093E-8,3.48554E-8
10.45,3.27561E-8,3.5143E-8
10.55,3.25665E-8,3.5404E-8
10.65,3.30739E-8,3.49114E-8
10.75,3.30327E-8,3.48415E-8
10.85,3.30518E-8,3.4864E-8
10.95,4.10376E-8,4.46556E-8
11.05,3.28308E-8,3.42695E-8
11.15,3.28448E-8,3.55646E-8
11.25,3.26966E-8,3.51811E-8
11.35,2.44964E-7,2.59439E-7
11.45,3.39751E-8,3.69373E-8
11.55,5.23233E-8,5.91891E-8
11.65,5.04096E-8,5.21934E-8
11.75,2.8883E-8,3.06427E-8
11.85,2.925E-8,3.11033E-8
11.95,2.84486E-8,3.02384E-8
12.05,3.4668E-8,3.69004E-8
12.15,2.64065E-8,2.82952E-8
12.25,2.66305E-8,2.80083E-8
12.35,2.63988E-8,2.81477E-8
12.45,2.65531E-8,2.81267E-8
12.55,2.66042E-8,2.85486E-8
12.65,2.65339E-8,2.78597E-8
12.75,2.67322E-8,2.82257E-8
12.85,2.63717E-8,2.84632E-8
12.95,2.60786E-8,2.81101E-8
13.05,2.61145E-8,2.80384E-8
13.15,2.63074E-8,2.8293E-8
13.25,2.65004E-8,2.77661E-8
13.35,2.60431E-8,2.79603E-8
13.45,2.61137E-8,2.77345E-8
13.55,2.62471E-8,2.7704E-8
13.65,2.61882E-8,2.74667E-8
13.75,2.59887E-8,2.77572E-8
13.85,2.57648E-8,2.76015E-8
13.95,2.56097E-8,2.77247E-8
14.05,2.57154E-8,2.77086E-8
14.15,2.58521E-8,2.77511E-8
14.25,2.54628E-8,2.74213E-8
14.35,2.58223E-8,2.74508E-8
14.45,2.5403E-8,2.74871E-8
14.55,2.53213E-8,2.76505E-8
14.65,2.55E-8,2.78354E-8
14.75,2.55356E-8,2.73103E-8
14.85,2.52873E-8,2.74045E-8
14.95,2.48798E-8,2.76145E-8
15.05,2.45461E-8,2.67964E-8
15.15,2.46908E-8,2.74126E-8
15.25,2.46928E-8,2.68452E-8
15.35,2.48499E-8,2.68792E-8
15.45,2.45904E-8,2.66931E-8
15.55,2.44797E-8,2.68009E-8
15.65,2.4839E-8,2.66182E-8
15.75,2.43367E-8,2.69325E-8
15.85,2.39579E-8,2.69198E-8
15.95,2.37883E-8,2.65793E-8
16.05,2.3792E-8,2.64561E-8
16.15,2.38794E-8,2.63012E-8
16.25,2.37904E-8,2.6364E-8
16.35,2.37887E-8,2.56846E-8
16.45,2.37685E-8,2.63103E-8
16.55,2.34366E-8,2.59366E-8
16.65,2.34894E-8,2.57516E-8
16.75,2.32875E-8,2.56056E-8
16.85,2.34389E-8,2.59968E-8
16.95,2.29952E-8,2.58733E-8
17.05,2.31657E-8,2.55767E-8
17.15,2.31737E-8,2.50712E-8
17.25,2.27675E-8,2.53647E-8
17.35,2.24585E-8,2.48258E-8
17.45,2.28634E-8,2.51767E-8
17.55,2.24572E-8,2.51817E-8
17.65,2.20141E-8,2.47714E-8
17.75,2.25278E-8,2.4879E-8
17.85,2.21974E-8,2.4676E-8
17.95,2.21267E-8,2.46955E-8
18.05,2.19246E-8,2.45254E-8
18.15,2.20081E-8,2.4887E-8
18.25,2.21227E-8,2.43993E-8
18.35,2.2365E-8,2.46789E-8
18.45,2.19398E-8,2.44161E-8
18.55,2.16811E-8,2.46057E-8
18.65,2.16339E-8,2.3938E-8
18.75,2.15948E-8,2.39811E-8
18.85,2.14049E-8,2.40563E-8
18.95,2.1048E-8,2.36905E-8
19.05,2.11966E-8,2.36556E-8
19.15,2.13496E-8,2.37414E-8
19.25,2.11983E-8,2.3506E-8
19.35,2.10116E-8,2.33085E-8
19.45,2.07167E-8,2.32132E-8
19.55,2.04608E-8,2.27623E-8
19.65,2.04996E-8,2.30773E-8
19.75,2.05846E-8,2.31195E-8
19.85,2.08394E-8,2.3066E-8
19.95,2.06901E-8,2.28605E-8
20.05,2.0414E-8,2.23799E-8
20.15,1.97572E-8,2.29296E-8
20.25,1.99953E-8,2.29647E-8
20.35,2.00591E-8,2.25923E-8
20.45,1.99612E-8,2.24883E-8
20.55,1.99711E-8,2.26834E-8
20.65,1.98462E-8,2.25052E-8
20.75,1.92858E-8,2.19296E-8
20.85,1.94876E-8,2.15515E-8
20.95,1.94737E-8,2.1628E-8
21.05,1.93819E-8,2.18974E-8
21.15,1.93682E-8,2.1543E-8
21.25,1.91079E-8,2.15423E-8
21.35,1.89137E-8,2.13874E-8
21.45,1.90036E-8,2.13954E-8
21.55,1.90082E-8,2.14855E-8
21.65,1.90077E-8,2.1245E-8
21.75,1.85185E-8,2.09834E-8
21.85,1.85425E-8,2.10352E-8
21.95,1.8405E-8,2.09108E-8
22.05,1.848E-8,2.08018E-8
22.15,1.82473E-8,2.0829E-8
22.25,1.82208E-8,2.0791E-8
22.35,1.83021E-8,2.0661E-8
22.45,1.80129E-8,2.05239E-8
22.55,1.78966E-8,2.02922E-8
22.65,1.79502E-8,2.02235E-8
22.75,1.78823E-8,2.02555E-8
22.85,1.75832E-8,2.02015E-8
22.95,1.76504E-8,1.99449E-8
23.05,1.72354E-8,1.96976E-8
23.15,1.75689E-8,1.98842E-8
23.25,1.70601E-8,1.98245E-8
23.35,1.7354E-8,1.96622E-8
23.45,1.71144E-8,1.95139E-8
23.55,1.67776E-8,1.92052E-8
23.65,1.69172E-8,1.96047E-8
23.75,1.70348E-8,1.92058E-8
23.85,1.68823E-8,1.85899E-8
23.95,1.65702E-8,1.91297E-8
24.05,1.67501E-8,1.92684E-8
24.15,1.64789E-8,1.89182E-8
24.25,1.61455E-8,1.90254E-8
24.35,1.63714E-8,1.87475E-8
24.45,1.61794E-8,1.87901E-8
24.55,1.63483E-8,1.88121E-8
24.65,1.59536E-8,1.82083E-8
24.75,1.6092E-8,1.85523E-8
24.85,1.60619E-8,1.85872E-8
24.95,1.60769E-8,1.83308E-8
25.05,1.5718E-8,1.82818E-8
25.15,1.61279E-8,1.81434E-8
25.25,1.56056E-8,1.8226E-8
25.35,1.56353E-8,1.78468E-8
25.45,1.54544E-8,1.7751E-8
25.55,1.54356E-8,1.78795E-8
25.65,1.53312E-8,1.76408E-8
25.75,1.5219E-8,1.78147E-8
25.85,1.49626E-8,1.74737E-8
25.95,1.53529E-8,1.73569E-8
26.05,1.52162E-8,1.73651E-8
26.15,1.49843E-8,1.7234E-8
26.25,1.48837E-8,1.72385E-8
26.35,1.46578E-8,1.72213E-8
26.45,1.48948E-8,1.67409E-8
26.55,1.47273E-8,1.70608E-8
26.65,1.46239E-8,1.68847E-8
26.75,1.43263E-8,1.70601E-8
26.85,1.44155E-8,1.69415E-8
26.95,1.4354E-8,1.66794E-8
27.05,1.44738E-8,1.6562E-8
27.15,1.40811E-8,1.66655E-8
27.25,1.41122E-8,1.66592E-8
27.35,1.4247E-8,1.64331E-8
27.45,1.40343E-8,1.6564E-8
27.55,1.4022E-8,1.6089E-8
27.65,1.38264E-8,1.63606E-8
27.75,1.38499E-8,1.60432E-8
27.85,1.36856E-8,1.59966E-8
27.95,1.39896E-8,1.58075E-8
28.05,1.37241E-8,1.6136E-8
28.15,1.34832E-8,1.58574E-8
28.25,1.34937E-8,1.56439E-8
28.35,1.35587E-8,1.60475E-8
28.45,1.3533E-8,1.54601E-8
28.55,1.32865E-8,1.56158E-8
28.65,1.29956E-8,1.52925E-8
28.75,1.30166E-8,1.55079E-8
28.85,1.32107E-8,1.49233E-8
28.95,1.28182E-8,1.51379E-8
29.05,1.30048E-8,1.51015E-8
29.15,1.25691E-8,1.51009E-8
29.25,1.28462E-8,1.54172E-8
29.35,1.28356E-8,1.4809E-8
29.45,1.25942E-8,1.51562E-8
29.55,1.26125E-8,1.47519E-8
29.65,1.2361E-8,1.45331E-8
29.75,1.27314E-8,1.45419E-8
29.85,1.23843E-8,1.45031E-8
29.95,1.24038E-8,1.45626E-8
30.05,1.23039E-8,1.42263E-8
30.15,1.23201E-8,1.44347E-8
30.25,1.21043E-8,1.46451E-8
30.35,1.23066E-8,1.39906E-8
30.45,1.20682E-8,1.39879E-8
30.55,1.22456E-8,1.42548E-8
30.65,1.21542E-8,1.36339E-8
30.75,1.16244E-8,1.39633E-8
30.85,1.18645E-8,1.39706E-8
30.95,1.17159E-8,1.36347E-8
31.05,1.16265E-8,1.38278E-8
31.15,1.16883E-8,1.38771E-8
31.25,1.17538E-8,1.36478E-8
31.35,1.13518E-8,1.34015E-8
31.45,1.15689E-8,1.39881E-8
31.55,1.13442E-8,1.33932E-8
31.65,1.11929E-8,1.36544E-8
31.75,1.15517E-8,1.32965E-8
31.85,1.13434E-8,1.34653E-8
31.95,1.11307E-8,1.31058E-8
32.05,1.13345E-8,1.33086E-8
32.15,1.08841E-8,1.33588E-8
32.25,1.09768E-8,1.29401E-8
32.35,1.09851E-8,1.30654E-8
32.45,1.10733E-8,1.29307E-8
32.55,1.10161E-8,1.29123E-8
32.65,1.09998E-8,1.25084E-8
32.75,1.07879E-8,1.27901E-8
32.85,1.08006E-8,1.28766E-8
32.95,1.0638E-8,1.25083E-8
33.05,1.04967E-8,1.25147E-8
33.15,1.04368E-8,1.24788E-8
33.25,1.06189E-8,1.25065E-8
33.35,1.03623E-8,1.23826E-8
33.45,1.05913E-8,1.24028E-8
33.55,1.04501E-8,1.2349E-8
33.65,1.0619E-8,1.2397E-8
33.75,1.04307E-8,1.23497E-8
33.85,1.0178E-8,1.2114E-8
33.95,1.02955E-8,1.22272E-8
34.05,9.99703E-9,1.17689E-8
34.15,9.89626E-9,1.21096E-8
34.25,1.024E-8,1.1997E-8
34.35,1.0104E-8,1.18675E-8
34.45,9.92064E-9,1.17394E-8
34.55,1.00208E-8,1.17252E-8
34.65,9.64697E-9,1.17132E-8
34.75,9.68359E-9,1.19811E-8
34.85,9.67109E-9,1.17525E-8
34.95,9.75578E-9,1.16737E-8
35.05,9.74569E-9,1.12688E-8
35.15,9.70188E-9,1.15619E-8
35.25,9.60342E-9,1.16056E-8
35.35,9.6641E-9,1.14031E-8
35.45,9.42465E-9,1.14191E-8
35.55,9.50573E-9,1.09986E-8
35.65,9.55002E-9,1.12464E-8
35.75,9.29327E-9,1.12648E-8
35.85,9.36585E-9,1.10983E-8
35.95,9.54108E-9,1.12059E-8
36.05,9.2819E-9,1.08411E-8
36.15,9.12905E-9,1.10597E-8
36.25,9.14407E-9,1.10316E-8
36.35,9.3967E-9,1.0874E-8
36.45,9.13554E-9,1.06936E-8
36.55,8.98121E-9,1.09929E-8
36.65,8.70265E-9,1.07286E-8
36.75,9.0549E-9,1.06892E-8
36.85,8.95361E-9,1.04514E-8
36.95,8.97704E-9,1.08304E-8
37.05,8.87854E-9,1.05707E-8
37.15,8.78182E-9,1.04236E-8
37.25,8.6917E-9,1.03854E-8
37.35,8.59853E-9,1.06209E-8
37.45,8.52854E-9,1.03522E-8
37.55,8.82226E-9,1.03339E-8
37.65,8.76053E-9,1.01978E-8
37.75,8.55359E-9,1.05457E-8
37.85,8.69997E-9,1.02409E-8
37.95,8.36411E-9,1.0213E-8
38.05,8.48445E-9,1.01696E-8
38.15,8.43625E-9,9.97334E-9
38.25,8.2294E-9,1.00855E-8
38.35,8.24768E-9,1.01371E-8
38.45,8.19879E-9,9.929E-9
38.55,8.26927E-9,9.77901E-9
38.65,8.12107E-9,9.92535E-9
38.75,8.11077E-9,9.98887E-9
38.85,7.98258E-9,9.79139E-9
38.95,8.18136E-9,9.81063E-9
39.05,8.07921E-9,9.78153E-9
39.15,7.96076E-9,9.80053E-9
39.25,7.92523E-9,9.8294E-9
39.35,8.08985E-9,9.65839E-9
39.45,7.77118E-9,9.50555E-9
39.55,7.64741E-9,9.22987E-9
39.65,7.80573E-9,9.43466E-9
39.75,7.61012E-9,9.40555E-9
39.85,7.8278E-9,9.53914E-9
39.95,7.82238E-9,9.14316E-9
40.05,7.69987E-9,9.31514E-9
40.15,7.56782E-9,9.30023E-9
40.25,7.59209E-9,9.05159E-9
40.35,7.6813E-9,9.23432E-9
40.45,7.38464E-9,9.231E-9
40.55,7.46533E-9,9.13801E-9
40.65,7.5169E-9,9.07341E-9
40.75,7.41021E-9,9.0399E-9
40.85,7.34296E-9,9.05146E-9
40.95,7.3749E-9,8.86144E-9
41.05,7.34013E-9,8.71344E-9
41.15,7.28239E-9,8.82644E-9
41.25,7.29552E-9,8.94377E-9
41.35,7.25823E-9,8.68591E-9
41.45,7.17732E-9,8.75947E-9
41.55,6.95041E-9,8.67414E-9
41.65,7.06771E-9,8.63061E-9
41.75,6.8791E-9,8.77836E-9
41.85,7.17853E-9,8.87612E-9
41.95,6.91817E-9,8.73184E-9
42.05,6.81776E-9,8.58815E-9
42.15,7.04395E-9,8.48996E-9
42.25,7.05415E-9,8.32628E-9
42.35,6.84642E-9,8.45902E-9
42.45,6.97467E-9,8.37473E-9
42.55,6.88853E-9,8.46008E-9
42.65,6.99147E-9,8.59595E-9
42.75,6.56544E-9,8.12443E-9
42.85,6.69531E-9,8.12992E-9
42.95,6.75149E-9,8.0542E-9
43.05,6.79924E-9,7.88736E-9
43.15,6.64697E-9,8.10585E-9
43.25,6.70105E-9,7.996E-9
43.35,6.62427E-9,7.95421E-9
43.45,6.39306E-9,8.06965E-9
43.55,6.50574E-9,7.85034E-9
43.65,6.53533E-9,7.89876E-9
43.75,6.55226E-9,7.95993E-9
43.85,6.32181E-9,7.77433E-9
43.95,6.31028E-9,7.82019E-9
44.05,6.43786E-9,7.78433E-9
44.15,6.18416E-9,7.57197E-9
44.25,6.26073E-9,7.74707E-9
44.35,6.30451E-9,7.66329E-9
44.45,6.20613E-9,7.68454E-9
44.55,6.3223E-9,7.78873E-9
44.65,6.05784E-9,7.76487E-9
44.75,6.14728E-9,7.50694E-9
44.85,6.15607E-9,7.70088E-9
44.95,6.11217E-9,7.68482E-9
45.05,6.14498E-9,7.41653E-9
45.15,6.09666E-9,7.61482E-9
45.25,6.02896E-9,7.39176E-9
45.35,5.92812E-9,7.43915E-9
45.45,5.90527E-9,7.28408E-9
45.55,5.78592E-9,7.35282E-9
45.65,5.89475E-9,7.15489E-9
45.75,5.92241E-9,7.24771E-9
45.85,5.72326E-9,7.18549E-9
45.95,5.84406E-9,7.1201E-9
46.05,5.75402E-9,7.24956E-9
46.15,5.88632E-9,7.16173E-9
46.25,5.63438E-9,7.37172E-9
46.35,5.60233E-9,7.11088E-9
46.45,5.64992E-9,6.73833E-9
46.55,5.75305E-9,7.02817E-9
46.65,5.62104E-9,7.09543E-9
46.75,5.51264E-9,6.95149E-9
46.85,5.57019E-9,6.81384E-9
46.95,5.57059E-9,7.04419E-9
47.05,5.48901E-9,6.7434E-9
47.15,5.67067E-9,6.99192E-9
47.25,5.49632E-9,6.79648E-9
47.35,5.4268E-9,6.93372E-9
47.45,5.38465E-9,6.67404E-9
47.55,5.45003E-9,6.66593E-9
47.65,5.30554E-9,6.73324E-9
47.75,5.39709E-9,6.7064E-9
47.85,5.27819E-9,6.47051E-9
47.95,5.24187E-9,6.81079E-9
48.05,5.31987E-9,6.75095E-9
48.15,5.1376E-9,6.53091E-9
48.25,5.17317E-9,6.38568E-9
48.35,5.1908E-9,6.37827E-9
48.45,5.18721E-9,6.46251E-9
48.55,5.09226E-9,6.52062E-9
48.65,5.1658E-9,6.5463E-9
48.75,5.17872E-9,6.44845E-9
48.85,5.15299E-9,6.40163E-9
48.95,5.29066E-9,6.35715E-9
49.05,5.13349E-9,6.2406E-9
49.15,5.03873E-9,6.15783E-9
49.25,5.15562E-9,6.23937E-9
49.35,4.92098E-9,6.45561E-9
49.45,4.9534E-9,6.02594E-9
49.55,4.84386E-9,6.11163E-9
49.65,4.83286E-9,6.17926E-9
49.75,4.91513E-9,6.20523E-9
49.85,4.82698E-9,6.10525E-9
49.95,4.75475E-9,5.95585E-9
50.05,4.7554E-9,6.09536E-9
50.15,4.80048E-9,5.99405E-9
50.25,4.87069E-9,6.25442E-9
50.35,4.76175E-9,5.87132E-9
50.45,4.70315E-9,6.01483E-9
50.55,4.8007E-9,5.86422E-9
50.65,4.78017E-9,5.89269E-9
50.75,4.72286E-9,5.73604E-9
50.85,4.73108E-9,5.8347E-9
50.95,4.62224E-9,5.85289E-9
51.05,4.52469E-9,5.88575E-9
51.15,4.66836E-9,5.75851E-9
51.25,4.55455E-9,5.74093E-9
51.35,4.44115E-9,5.93383E-9
51.45,4.29851E-9,5.80765E-9
51.55,4.45224E-9,5.63328E-9
51.65,4.64414E-9,5.53453E-9
51.75,4.34423E-9,5.72205E-9
51.85,4.50256E-9,5.7651E-9
51.95,4.50511E-9,5.70267E-9
52.05,4.33237E-9,5.66308E-9
52.15,4.39607E-9,5.46295E-9
52.25,4.24387E-9,5.45837E-9
52.35,4.39273E-9,5.54209E-9
52.45,4.29744E-9,5.50036E-9
52.55,4.39723E-9,5.28257E-9
52.65,4.19928E-9,5.4299E-9
52.75,4.2302E-9,5.26543E-9
52.85,4.14918E-9,5.46581E-9
52.95,4.17804E-9,5.34725E-9
53.05,4.04283E-9,5.38543E-9
53.15,4.10321E-9,5.5266E-9
53.25,4.31112E-9,5.32366E-9
53.35,4.15695E-9,5.17979E-9
53.45,4.02324E-9,5.29089E-9
53.55,4.12721E-9,5.11335E-9
53.65,4.07557E-9,5.28471E-9
53.75,4.05448E-9,5.15936E-9
53.85,4.1314E-9,5.20434E-9
53.95,3.83801E-9,5.15503E-9
54.05,3.9343E-9,5.20525E-9
54.15,4.07838E-9,5.16002E-9
54.25,3.94881E-9,4.9508E-9
54.35,4.01691E-9,5.28022E-9
54.45,3.98205E-9,4.93885E-9
54.55,3.86849E-9,4.95486E-9
54.65,3.93421E-9,5.00287E-9
54.75,3.76588E-9,4.98223E-9
54.85,3.93093E-9,4.99412E-9
54.95,3.81754E-9,4.94748E-9
55.05,3.78358E-9,4.95138E-9
55.15,3.5918E-9,4.92073E-9
55.25,3.62193E-9,5.07739E-9
55.35,3.65415E-9,4.82939E-9
55.45,3.71002E-9,4.92758E-9
55.55,3.56864E-9,4.94325E-9
55.65,3.70402E-9,4.6777E-9
55.75,3.72206E-9,4.83717E-9
55.85,3.6404E-9,4.78267E-9
55.95,3.66501E-9,4.87193E-9
56.05,3.59696E-9,4.64218E-9
56.15,3.44953E-9,4.81094E-9
56.25,3.52728E-9,4.66378E-9
56.35,3.62399E-9,4.57577E-9
56.45,3.45257E-9,4.54177E-9
56.55,3.5246E-9,4.58113E-9
56.65,3.49298E-9,4.65758E-9
56.75,3.43302E-9,4.65222E-9
56.85,3.52262E-9,4.65151E-9
56.95,3.4119E-9,4.43344E-9
57.05,3.34071E-9,4.68203E-9
57.15,3.42191E-9,4.50299E-9
57.25,3.49196E-9,4.70322E-9
57.35,3.38202E-9,4.71954E-9
57.45,3.38799E-9,4.38632E-9
57.55,3.13107E-9,4.36267E-9
57.65,3.3509E-9,4.70768E-9
57.75,3.3352E-9,4.51203E-9
57.85,3.16826E-9,4.33871E-9
57.95,1.54768E-8,4.36656E-8
58.05,3.21245E-9,4.18973E-9
58.15,3.32832E-9,4.18556E-9
58.25,3.15733E-9,4.32404E-9
58.35,3.15589E-9,4.20973E-9
58.45,3.17276E-9,4.09788E-9
58.55,3.09109E-9,4.17101E-9
58.65,3.13689E-9,4.19928E-9
58.75,2.9908E-9,4.26395E-9
58.85,3.16302E-9,4.09189E-9
58.95,3.0734E-9,4.21443E-9
59.05,3.08255E-9,4.08513E-9
59.15,2.95067E-9,4.10636E-9
59.25,2.99702E-9,4.06334E-9
59.35,2.57306E-8,7.44657E-8
59.45,2.96299E-9,4.17857E-9
59.55,2.9937E-9,3.80506E-9
59.65,2.89939E-9,3.88466E-9
59.75,2.85516E-9,4.03055E-9
59.85,2.92729E-9,4.03202E-9
59.95,2.91779E-9,3.94611E-9
60.05,2.80887E-9,4.03537E-9
60.15,2.99418E-9,3.91796E-9
60.25,2.82805E-9,3.95223E-9
60.35,2.86714E-9,3.79049E-9
60.45,2.76576E-9,3.921E-9
60.55,2.78435E-9,3.81807E-9
60.65,2.87383E-9,3.83755E-9
60.75,2.88527E-9,4.00403E-9
60.85,2.80642E-9,3.70597E-9
60.95,2.82588E-9,3.76557E-9
61.05,2.68077E-9,3.7503E-9
61.15,2.68443E-9,3.73993E-9
61.25,2.64349E-9,3.69667E-9
61.35,2.83716E-9,3.77906E-9
61.45,2.69442E-9,3.72825E-9
61.55,2.72175E-9,3.71478E-9
61.65,2.60298E-9,3.72133E-9
61.75,2.70017E-9,3.59946E-9
61.85,2.67251E-9,3.61246E-9
61.95,2.79423E-9,3.73905E-9
62.05,2.55396E-9,3.72953E-9
62.15,2.54173E-9,3.57118E-9
62.25,2.59849E-9,3.47709E-9
62.35,2.59967E-9,3.56363E-9
62.45,2.42693E-9,3.57481E-9
62.55,2.32026E-9,3.57867E-9
62.65,2.38679E-9,3.45114E-9
62.75,2.46182E-9,3.49162E-9
62.85,2.61458E-9,3.53891E-9
62.95,2.43048E-9,3.36687E-9
63.05,2.39887E-9,3.38658E-9
63.15,2.46758E-9,3.48177E-9
63.25,2.40816E-9,3.34073E-9
63.35,2.4543E-9,3.45761E-9
63.45,2.35299E-9,3.29627E-9
63.55,2.30052E-9,3.45486E-9
63.65,2.3094E-9,3.45402E-9
63.75,2.36374E-9,3.29495E-9
63.85,2.33313E-9,3.27995E-9
63.95,2.33328E-9,3.25504E-9
64.05,2.30875E-9,3.16227E-9
64.15,2.32872E-9,3.29177E-9
64.25,2.21986E-9,3.40208E-9
64.35,2.18946E-9,3.23954E-9
64.45,2.17256E-9,3.17259E-9
64.55,2.18813E-9,3.17863E-9
64.65,2.16147E-9,3.26227E-9
64.75,2.07205E-9,3.15328E-9
64.85,2.1691E-9,3.223E-9
64.95,2.20512E-9,3.02809E-9
65.05,2.12872E-9,3.16496E-9
65.15,2.17597E-9,3.06178E-9
65.25,2.11083E-9,3.21054E-9
65.35,2.11991E-9,3.1151E-9
65.45,2.00443E-9,2.99074E-9
65.55,2.22144E-9,3.04605E-9
65.65,2.11892E-9,3.10409E-9
65.75,2.10542E-9,3.04012E-9
65.85,2.07857E-9,2.92133E-9
65.95,1.97369E-9,3.05459E-9
66.05,2.03719E-9,3.10374E-9
66.15,2.0285E-9,3.04507E-9
66.25,1.92785E-9,2.99748E-9
66.35,1.97927E-9,2.95498E-9
66.45,1.91284E-9,3.09147E-9
66.55,2.01416E-9,3.12099E-9
66.65,1.95487E-9,2.97174E-9
66.75,1.96762E-9,2.84718E-9
66.85,1.8992E-9,2.82614E-9
66.95,4.67149E-9,1.05307E-8
67.05,1.89587E-9,2.87553E-9
67.15,1.97587E-9,2.9385E-9
67.25,6.6223E-9,1.8506E-8
67.35,1.77611E-9,2.93339E-9
67.45,1.85819E-9,2.88196E-9
67.55,1.77846E-9,2.77995E-9
67.65,1.90146E-9,2.88358E-9
67.75,1.86491E-9,2.83347E-9
67.85,1.79684E-9,2.75069E-9
67.95,1.73181E-9,2.81393E-9
68.05,1.73776E-9,2.66083E-9
68.15,1.63137E-9,2.58021E-9
68.25,1.69167E-9,2.71984E-9
68.35,1.70843E-9,2.84717E-9
68.45,1.61902E-9,2.54587E-9
68.55,1.66179E-9,2.57756E-9
68.65,1.72201E-9,2.5316E-9
68.75,1.75502E-9,2.60054E-9
68.85,1.5705E-9,2.7238E-9
68.95,1.57898E-9,2.62661E-9
69.05,1.72902E-9,2.59535E-9
69.15,1.71112E-9,2.63692E-9
69.25,3.36963E-9,7.26863E-9
69.35,1.5526E-9,2.46886E-9
69.45,1.56183E-9,2.58531E-9
69.55,1.51852E-9,2.51831E-9
69.65,1.88653E-9,3.90629E-9
69.75,1.49941E-9,2.32353E-9
69.85,1.41254E-9,2.54244E-9
69.95,1.46271E-9,2.32899E-9
70.05,1.44888E-9,2.38894E-9
70.15,1.35987E-9,2.38855E-9
70.25,1.4557E-9,2.42328E-9
70.35,1.48298E-9,2.25251E-9
70.45,1.38159E-9,2.30803E-9
70.55,1.41668E-9,2.46919E-9
70.65,1.39578E-9,2.39079E-9
70.75,1.38273E-9,2.28536E-9
70.85,1.37071E-9,2.28046E-9
70.95,1.34464E-9,2.25605E-9
71.05,1.35989E-9,2.23117E-9
71.15,1.2682E-9,2.18777E-9
71.25,1.26023E-9,2.30193E-9
71.35,1.29694E-9,2.24876E-9
71.45,1.30563E-9,2.24846E-9
71.55,1.30121E-9,2.1117E-9
71.65,1.25263E-9,2.22953E-9
71.75,1.21031E-9,2.23026E-9
71.85,1.2277E-9,2.1463E-9
71.95,1.19563E-9,2.16937E-9
72.05,1.14016E-9,2.22704E-9
72.15,1.2801E-9,2.1975E-9
72.25,1.15647E-9,2.05441E-9
72.35,1.13361E-9,2.06087E-9
72.45,1.10983E-9,2.0393E-9
72.55,1.0345E-9,2.08159E-9
72.65,1.11798E-9,2.03507E-9
72.75,1.18814E-9,2.0202E-9
72.85,1.12961E-9,2.05028E-9
72.95,1.12673E-9,1.98853E-9
73.05,1.09693E-9,2.07915E-9
73.15,1.09392E-9,2.0047E-9
73.25,1.04921E-9,2.00877E-9
73.35,9.98955E-10,1.95586E-9
73.45,1.01266E-9,2.01277E-9
73.55,9.11744E-10,2.02924E-9
73.65,9.62739E-10,2.09093E-9
73.75,8.81734E-10,1.94219E-9
73.85,9.51843E-10,1.90526E-9
73.95,9.62274E-10,1.86284E-9
74.05,9.21302E-10,1.92741E-9
74.15,9.71433E-10,1.86568E-9
74.25,9.32596E-10,1.75369E-9
74.35,9.14488E-10,1.86736E-9
74.45,8.7139E-10,1.85295E-9
74.55,8.65971E-10,1.83529E-9
74.65,8.49665E-10,1.90473E-9
74.75,9.11091E-10,1.77551E-9
74.85,8.21734E-10,1.78122E-9
74.95,8.40583E-10,1.91103E-9
75.05,8.15318E-10,1.85067E-9
75.15,8.57154E-10,1.81185E-9
75.25,7.36061E-10,1.81801E-9
75.35,7.56978E-10,1.80581E-9
75.45,7.76027E-10,1.66734E-9
75.55,7.5658E-10,1.59117E-9
75.65,7.60595E-10,1.65514E-9
75.75,7.70418E-10,1.69904E-9
75.85,7.34589E-10,1.6906E-9
75.95,7.22233E-10,1.73655E-9
76.05,6.66427E-10,1.67233E-9
76.15,6.74114E-10,1.66884E-9
76.25,5.92446E-10,1.64114E-9
76.35,6.43971E-10,1.58015E-9
76.45,6.61482E-10,1.61681E-9
76.55,6.02212E-10,1.65642E-9
76.65,5.83961E-10,1.65301E-9
76.75,6.09226E-10,1.68481E-9
76.85,5.95929E-10,1.69393E-9
76.95,5.43597E-10,1.6502E-9
77.05,5.09781E-10,1.54648E-9
77.15,5.36716E-10,1.60556E-9
77.25,4.96617E-10,1.54816E-9
77.35,4.53178E-10,1.50575E-9
77.45,5.28431E-10,1.50176E-9
77.55,4.09805E-10,1.51164E-9
77.65,4.94416E-10,1.55013E-9
77.75,4.60998E-10,1.56459E-9
77.85,4.2705E-10,1.40579E-9
77.95,4.46696E-10,1.6051E-9
78.05,4.19229E-10,1.46982E-9
78.15,3.7131E-10,1.46114E-9
78.25,3.96641E-10,1.43517E-9
78.35,3.46918E-10,1.43897E-9
78.45,3.35425E-10,1.36438E-9
78.55,3.66099E-10,1.39583E-9
78.65,3.18047E-10,1.30887E-9
78.75,3.03346E-10,1.42305E-9
78.85,2.88711E-10,1.33587E-9
78.95,2.43801E-10,1.42382E-9
79.05,2.40792E-10,1.29205E-9
79.15,2.22949E-10,1.40704E-9
79.25,2.00693E-10,1.35095E-9
79.35,1.87729E-10,1.29587E-9
79.45,1.44422E-10,1.33196E-9
79.55,1.33128E-10,1.32367E-9
79.65,1.07465E-10,1.30476E-9
79.75,8.50094E-11,1.32909E-9
79.85,6.7366E-11,1.23024E-9
79.95,4.97225E-11,1.23383E-9
80.05,1E-35,1.18719E-9
80.15,1E-35,1.30154E-9
80.25,1E-35,1.17583E-9
80.35,1E-35,1.22139E-9
80.45,1E-35,1.2374E-9
80.55,1E-35,1.20148E-9
80.65,1E-35,1.13287E-9
80.75,1E-35,1.11958E-9
80.85,1E-35,1.18871E-9
80.95,1E-35,1.2038E-9
81.05,1E-35,1.18647E-9
81.15,1E-35,1.12656E-9
81.25,1E-35,1.10979E-9
81.35,1E-35,1.10848E-9
81.45,1E-35,1.12607E-9
81.55,1E-35,1.03605E-9
81.65,1E-35,1.08583E-9
81.75,1E-35,1.18132E-9
81.85,1E-35,1.07904E-9
81.95,1E-35,9.2619E-10
82.05,1E-35,1.04925E-9
82.15,1E-35,9.68585E-10
82.25,1E-35,1.02003E-9
82.35,1E-35,1.00893E-9
82.45,1E-35,9.65116E-10
82.55,1E-35,9.87514E-10
82.65,1E-35,1.00437E-9
82.75,1E-35,8.8314E-10
82.85,1E-35,9.51176E-10
82.95,1E-35,9.02807E-10
83.05,1E-35,9.36744E-10
83.15,1E-35,9.02397E-10
83.25,1E-35,9.44299E-10
83.35,1E-35,9.29456E-10
83.45,1E-35,9.3502E-10
83.55,1E-35,8.84474E-10
83.65,1E-35,9.39742E-10
83.75,1E-35,8.20092E-10
83.85,1E-35,8.39514E-10
83.95,1E-35,8.50292E-10
84.05,1E-35,8.4167E-10
84.15,1E-35,8.11716E-10
84.25,1E-35,7.8359E-10
84.35,1E-35,7.51646E-10
84.45,1E-35,7.57702E-10
84.55,1E-35,6.68416E-10
84.65,1E-35,7.35222E-10
84.75,1E-35,7.53719E-10
84.85,1E-35,7.39779E-10
84.95,1E-35,7.11981E-10
85.05,1E-35,7.09498E-10
85.15,1E-35,7.38526E-10
85.25,1E-35,6.70326E-10
85.35,1E-35,6.51254E-10
85.45,1E-35,6.2594E-10
85.55,1E-35,6.69423E-10
85.65,1E-35,6.476E-10
85.75,1E-35,5.95823E-10
85.85,1E-35,6.33003E-10
85.95,1E-35,6.41297E-10
86.05,1E-35,6.23046E-10
86.15,1E-35,5.57329E-10
86.25,1E-35,5.70859E-10
86.35,1E-35,5.67614E-10
86.45,1E-35,4.75106E-10
86.55,1E-35,5.34603E-10
86.65,1E-35,5.25631E-10
86.75,1E-35,5.21073E-10
86.85,1E-35,4.98593E-10
86.95,1E-35,4.74696E-10
87.05,1E-35,4.99004E-10
87.15,1E-35,4.7096E-10
87.25,1E-35,4.14543E-10
87.35,1E-35,3.91303E-10
87.45,1E-35,4.66484E-10
87.55,1E-35,3.85082E-10
87.65,1E-35,4.2682E-10
87.75,1E-35,3.75043E-10
87.85,1E-35,3.96949E-10
87.95,1E-35,3.73134E-10
88.05,1E-35,3.58455E-10
88.15,1E-35,3.02942E-10
88.25,1E-35,3.20865E-10
88.35,1E-35,3.24929E-10
88.45,1E-35,2.99041E-10
88.55,1E-35,2.45027E-10
88.65,1E-35,2.56975E-10
88.75,1E-35,2.70997E-10
88.85,1E-35,2.39134E-10
88.95,1E-35,2.03289E-10
89.05,1E-35,1.87193E-10
89.15,1E-35,1.69271E-10
89.25,1E-35,1.63296E-10
89.35,1E-35,1.81219E-10
89.45,1E-35,1.41391E-10
89.55,1E-35,1.05545E-10
89.65,1E-35,1.01644E-10
89.75,1E-35,8.5631E-11
89.85,1E-35,5.77511E-11
89.95,1E-35,5.37683E-11
90.05,1E-35,1E-35
90.15,1E-35,1E-35
90.25,1E-35,1E-35
90.35,1E-35,1E-35
90.45,1E-35,1E-35
90.55,1E-35,1E-35
90.65,1E-35,1E-35
90.75,1E-35,1E-35
90.85,1E-35,1E-35
90.95,1E-35,1E-35
91.05,1E-35,1E-35
91.15,1E-35,1E-35
91.25,1E-35,1E-35
91.35,1E-35,1E-35
91.45,1E-35,1E-35
91.55,1E-35,1E-35
91.65,1E-35,1E-35
91.75,1E-35,1E-35
91.85,1E-35,1E-35
91.95,1E-35,1E-35
92.05,1E-35,1E-35
92.15,1E-35,1E-35
92.25,1E-35,1E-35
92.35,1E-35,1E-35
92.45,1E-35,1E-35
92.55,1E-35,1E-35
92.65,1E-35,1E-35
92.75,1E-35,1E-35
92.85,1E-35,1E-35
92.95,1E-35,1E-35
93.05,1E-35,1E-35
93.15,1E-35,1E-35
93.25,1E-35,1E-35
93.35,1E-35,1E-35
93.45,1E-35,1E-35
93.55,1E-35,1E-35
93.65,1E-35,1E-35
93.75,1E-35,1E-35
93.85,1E-35,1E-35
93.95,1E-35,1E-35
94.05,1E-35,1E-35
94.15,1E-35,1E-35
94.25,1E-35,1E-35
94.35,1E-35,1E-35
94.45,1E-35,1E-35
94.55,1E-35,1E-35
94.65,1E-35,1E-35
94.75,1E-35,1E-35
94.85,1E-35,1E-35
94.95,1E-35,1E-35
95.05,1E-35,1E-35
95.15,1E-35,1E-35
95.25,1E-35,1E-35
95.35,1E-35,1E-35
95.45,1E-35,1E-35
95.55,1E-35,1E-35
95.65,1E-35,1E-35
95.75,1E-35,1E-35
95.85,1E-35,1E-35
95.95,1E-35,1E-35
96.05,1E-35,1E-35
96.15,1E-35,1E-35
96.25,1E-35,1E-35
96.35,1E-35,1E-35
96.45,1E-35,1E-35
96.55,1E-35,1E-35
96.65,1E-35,1E-35
96.75,1E-35,1E-35
96.85,1E-35,1E-35
96.95,1E-35,1E-35
97.05,1E-35,1E-35
97.15,1E-35,1E-35
97.25,1E-35,1E-35
97.35,1E-35,1E-35
97.45,1E-35,1E-35
97.55,1E-35,1E-35
97.65,1E-35,1E-35
97.75,1E-35,1E-35
97.85,1E-35,1E-35
97.95,1E-35,1E-35
98.05,1E-35,1E-35
98.15,1E-35,1E-35
98.25,1E-35,1E-35
98.35,1E-35,1E-35
98.45,1E-35,1E-35
98.55,1E-35,1E-35
98.65,1E-35,1E-35
98.75,1E-35,1E-35
98.85,1E-35,1E-35
98.95,1E-35,1E-35
99.05,1E-35,1E-35
99.15,1E-35,1E-35
99.25,1E-35,1E-35
99.35,1E-35,1E-35
99.45,1E-35,1E-35
99.55,1E-35,1E-35
99.65,1E-35,1E-35
99.75,1E-35,1E-35
99.85,1E-35,1E-35
99.95,1E-35,1E-35