0.05,1E-35,1E-35
0.15,1E-35,1E-35
0.25,1E-35,1E-35
0.35,1E-35,1E-35
0.45,1E-35,1E-35
0.55,1E-35,1E-35
0.65,1E-35,1E-35
0.75,1E-35,1E-35
0.85,1E-35,1E-35
0.95,1E-35,1E-35
1.05,1.10705E-12,1.11849E-12
1.15,1.21582E-12,1.69543E-12
1.25,5.61953E-12,5.81247E-12
1.35,1.40892E-10,1.61434E-10
1.45,1.19369E-10,1.13227E-10
1.55,2.5885E-10,2.93315E-10
1.65,7.78831E-10,9.03929E-10
1.75,2.44017E-8,2.80723E-8
1.85,1.65071E-8,1.8683E-8
1.95,2.05139E-9,2.21357E-9
2.05,6.36247E-9,7.19011E-9
2.15,3.61828E-9,3.90135E-9
2.25,4.31071E-9,4.7266E-9
2.35,7.59136E-9,8.43955E-9
2.45,5.54816E-9,6.08531E-9
2.55,6.18431E-9,6.7912E-9
2.65,6.63326E-9,7.30773E-9
2.75,7.48145E-9,8.34411E-9
2.85,7.5764E-9,8.35759E-9
2.95,7.925E-9,8.8049E-9
3.05,8.24369E-9,9.18275E-9
3.15,8.48575E-9,9.50066E-9
3.25,8.67591E-9,9.72801E-9
3.35,8.81893E-9,9.917E-9
3.45,8.9029E-9,1.00696E-8
3.55,8.97349E-9,1.01132E-8
3.65,8.95918E-9,1.0182E-8
3.75,8.95981E-9,1.0185E-8
3.85,8.90544E-9,1.0166E-8
3.95,8.86163E-9,1.00922E-8
4.05,8.75919E-9,1.00535E-8
4.15,8.66039E-9,9.93074E-9
4.25,8.51683E-9,9.82776E-9
4.35,8.35738E-9,9.69525E-9
4.45,8.27791E-9,9.56383E-9
4.55,8.09841E-9,9.41192E-9
4.65,7.92663E-9,9.21414E-9
4.75,7.75685E-9,9.09066E-9
4.85,7.5891E-9,8.91663E-9
4.95,7.43381E-9,8.75314E-9
5.05,7.26693E-9,8.57482E-9
5.15,7.07023E-9,8.35975E-9
5.25,6.90692E-9,8.18808E-9
5.35,6.71344E-9,8.00331E-9
5.45,6.55457E-9,7.81098E-9
5.55,6.35131E-9,7.64987E-9
5.65,6.17448E-9,7.4323E-9
5.75,6.00538E-9,7.29532E-9
5.85,5.80785E-9,7.08693E-9
5.95,5.63898E-9,6.91003E-9
6.05,5.48263E-9,6.71792E-9
6.15,5.29332E-9,6.56217E-9
6.25,5.13091E-9,6.38142E-9
6.35,4.9679E-9,6.20272E-9
6.45,4.78337E-9,6.02034E-9
6.55,4.62239E-9,5.84287E-9
6.65,4.47105E-9,5.66455E-9
6.75,4.29479E-9,5.56E-9
6.85,4.13559E-9,5.34502E-9
6.95,3.96798E-9,5.20767E-9
7.05,3.80208E-9,5.05464E-9
7.15,3.64242E-9,4.87195E-9
7.25,3.47994E-9,4.73469E-9
7.35,3.31968E-9,4.57353E-9
7.45,3.1581E-9,4.39359E-9
7.55,2.99445E-9,4.23754E-9
7.65,2.84198E-9,4.10946E-9
7.75,2.65829E-9,3.93212E-9
7.85,2.50663E-9,3.77608E-9
7.95,2.35275E-9,3.64427E-9
8.05,2.18008E-9,3.49346E-9
8.15,2.00581E-9,3.34466E-9
8.25,1.83545E-9,3.19358E-9
8.35,1.64642E-9,3.06631E-9
8.45,1.46562E-9,2.90616E-9
8.55,1.27887E-9,2.76376E-9
8.65,1.06462E-9,2.61576E-9
8.75,8.46351E-10,2.46921E-9
8.85,6.78332E-10,2.32392E-9
8.95,5.2937E-10,2.1834E-9
9.05,1E-35,1.99586E-9
9.15,1E-35,1.8459E-9
9.25,1E-35,1.68458E-9
9.35,1E-35,1.51911E-9
9.45,1E-35,1.35644E-9
9.55,1E-35,1.18726E-9
9.65,1E-35,9.97262E-10
9.75,1E-35,7.77153E-10
9.85,1E-35,6.21232E-10
9.95,1E-35,4.89263E-10
10.05,1E-35,1E-35
10.15,1E-35,1E-35
10.25,1E-35,1E-35
10.35,1E-35,1E-35
10.45,1E-35,1E-35
10.55,1E-35,1E-35
10.65,1E-35,1E-35
10.75,1E-35,1E-35
10.85,1E-35,1E-35
10.95,1E-35,1E-35
11.05,1E-35,1E-35
11.15,1E-35,1E-35
11.25,1E-35,1E-35
11.35,1E-35,1E-35
11.45,1E-35,1E-35
11.55,1E-35,1E-35
11.65,1E-35,1E-35
11.75,1E-35,1E-35
11.85,1E-35,1E-35
11.95,1E-35,1E-35
12.05,1E-35,1E-35
12.15,1E-35,1E-35
12.25,1E-35,1E-35
12.35,1E-35,1E-35
12.45,1E-35,1E-35
12.55,1E-35,1E-35
12.65,1E-35,1E-35
12.75,1E-35,1E-35
12.85,1E-35,1E-35
12.95,1E-35,1E-35
13.05,1E-35,1E-35
13.15,1E-35,1E-35
13.25,1E-35,1E-35
13.35,1E-35,1E-35
13.45,1E-35,1E-35
13.55,1E-35,1E-35
13.65,1E-35,1E-35
13.75,1E-35,1E-35
13.85,1E-35,1E-35
13.95,1E-35,1E-35
14.05,1E-35,1E-35
14.15,1E-35,1E-35
14.25,1E-35,1E-35
14.35,1E-35,1E-35
14.45,1E-35,1E-35
14.55,1E-35,1E-35
14.65,1E-35,1E-35
14.75,1E-35,1E-35
14.85,1E-35,1E-35
14.95,1E-35,1E-35
15.05,1E-35,1E-35
15.15,1E-35,1E-35
15.25,1E-35,1E-35
15.35,1E-35,1E-35
15.45,1E-35,1E-35
15.55,1E-35,1E-35
15.65,1E-35,1E-35
15.75,1E-35,1E-35
15.85,1E-35,1E-35
15.95,1E-35,1E-35
16.05,1E-35,1E-35
16.15,1E-35,1E-35
16.25,1E-35,1E-35
16.35,1E-35,1E-35
16.45,1E-35,1E-35
16.55,1E-35,1E-35
16.65,1E-35,1E-35
16.75,1E-35,1E-35
16.85,1E-35,1E-35
16.95,1E-35,1E-35
17.05,1E-35,1E-35
17.15,1E-35,1E-35
17.25,1E-35,1E-35
17.35,1E-35,1E-35
17.45,1E-35,1E-35
17.55,1E-35,1E-35
17.65,1E-35,1E-35
17.75,1E-35,1E-35
17.85,1E-35,1E-35
17.95,1E-35,1E-35
18.05,1E-35,1E-35
18.15,1E-35,1E-35
18.25,1E-35,1E-35
18.35,1E-35,1E-35
18.45,1E-35,1E-35
18.55,1E-35,1E-35
18.65,1E-35,1E-35
18.75,1E-35,1E-35
18.85,1E-35,1E-35
18.95,1E-35,1E-35
19.05,1E-35,1E-35
19.15,1E-35,1E-35
19.25,1E-35,1E-35
19.35,1E-35,1E-35
19.45,1E-35,1E-35
19.55,1E-35,1E-35
19.65,1E-35,1E-35
19.75,1E-35,1E-35
19.85,1E-35,1E-35
19.95,1E-35,1E-35
20.05,1E-35,1E-35
20.15,1E-35,1E-35
20.25,1E-35,1E-35
20.35,1E-35,1E-35
20.45,1E-35,1E-35
20.55,1E-35,1E-35
20.65,1E-35,1E-35
20.75,1E-35,1E-35
20.85,1E-35,1E-35
20.95,1E-35,1E-35
21.05,1E-35,1E-35
21.15,1E-35,1E-35
21.25,1E-35,1E-35
21.35,1E-35,1E-35
21.45,1E-35,1E-35
21.55,1E-35,1E-35
21.65,1E-35,1E-35
21.75,1E-35,1E-35
21.85,1E-35,1E-35
21.95,1E-35,1E-35
22.05,1E-35,1E-35
22.15,1E-35,1E-35
22.25,1E-35,1E-35
22.35,1E-35,1E-35
22.45,1E-35,1E-35
22.55,1E-35,1E-35
22.65,1E-35,1E-35
22.75,1E-35,1E-35
22.85,1E-35,1E-35
22.95,1E-35,1E-35
23.05,1E-35,1E-35
23.15,1E-35,1E-35
23.25,1E-35,1E-35
23.35,1E-35,1E-35
23.45,1E-35,1E-35
23.55,1E-35,1E-35
23.65,1E-35,1E-35
23.75,1E-35,1E-35
23.85,1E-35,1E-35
23.95,1E-35,1E-35
24.05,1E-35,1E-35
24.15,1E-35,1E-35
24.25,1E-35,1E-35
24.35,1E-35,1E-35
24.45,1E-35,1E-35
24.55,1E-35,1E-35
24.65,1E-35,1E-35
24.75,1E-35,1E-35
24.85,1E-35,1E-35
24.95,1E-35,1E-35
25.05,1E-35,1E-35
25.15,1E-35,1E-35
25.25,1E-35,1E-35
25.35,1E-35,1E-35
25.45,1E-35,1E-35
25.55,1E-35,1E-35
25.65,1E-35,1E-35
25.75,1E-35,1E-35
25.85,1E-35,1E-35
25.95,1E-35,1E-35
26.05,1E-35,1E-35
26.15,1E-35,1E-35
26.25,1E-35,1E-35
26.35,1E-35,1E-35
26.45,1E-35,1E-35
26.55,1E-35,1E-35
26.65,1E-35,1E-35
26.75,1E-35,1E-35
26.85,1E-35,1E-35
26.95,1E-35,1E-35
27.05,1E-35,1E-35
27.15,1E-35,1E-35
27.25,1E-35,1E-35
27.35,1E-35,1E-35
27.45,1E-35,1E-35
27.55,1E-35,1E-35
27.65,1E-35,1E-35
27.75,1E-35,1E-35
27.85,1E-35,1E-35
27.95,1E-35,1E-35
28.05,1E-35,1E-35
28.15,1E-35,1E-35
28.25,1E-35,1E-35
28.35,1E-35,1E-35
28.45,1E-35,1E-35
28.55,1E-35,1E-35
28.65,1E-35,1E-35
28.75,1E-35,1E-35
28.85,1E-35,1E-35
28.95,1E-35,1E-35
29.05,1E-35,1E-35
29.15,1E-35,1E-35
29.25,1E-35,1E-35
29.35,1E-35,1E-35
29.45,1E-35,1E-35
29.55,1E-35,1E-35
29.65,1E-35,1E-35
29.75,1E-35,1E-35
29.85,1E-35,1E-35
29.95,1E-35,1E-35
30.05,1E-35,1E-35
30.15,1E-35,1E-35
30.25,1E-35,1E-35
30.35,1E-35,1E-35
30.45,1E-35,1E-35
30.55,1E-35,1E-35
30.65,1E-35,1E-35
30.75,1E-35,1E-35
30.85,1E-35,1E-35
30.95,1E-35,1E-35
31.05,1E-35,1E-35
31.15,1E-35,1E-35
31.25,1E-35,1E-35
31.35,1E-35,1E-35
31.45,1E-35,1E-35
31.55,1E-35,1E-35
31.65,1E-35,1E-35
31.75,1E-35,1E-35
31.85,1E-35,1E-35
31.95,1E-35,1E-35
32.05,1E-35,1E-35
32.15,1E-35,1E-35
32.25,1E-35,1E-35
32.35,1E-35,1E-35
32.45,1E-35,1E-35
32.55,1E-35,1E-35
32.65,1E-35,1E-35
32.75,1E-35,1E-35
32.85,1E-35,1E-35
32.95,1E-35,1E-35
33.05,1E-35,1E-35
33.15,1E-35,1E-35
33.25,1E-35,1E-35
33.35,1E-35,1E-35
33.45,1E-35,1E-35
33.55,1E-35,1E-35
33.65,1E-35,1E-35
33.75,1E-35,1E-35
33.85,1E-35,1E-35
33.95,1E-35,1E-35
34.05,1E-35,1E-35
34.15,1E-35,1E-35
34.25,1E-35,1E-35
34.35,1E-35,1E-35
34.45,1E-35,1E-35
34.55,1E-35,1E-35
34.65,1E-35,1E-35
34.75,1E-35,1E-35
34.85,1E-35,1E-35
34.95,1E-35,1E-35
35.05,1E-35,1E-35
35.15,1E-35,1E-35
35.25,1E-35,1E-35
35.35,1E-35,1E-35
35.45,1E-35,1E-35
35.55,1E-35,1E-35
35.65,1E-35,1E-35
35.75,1E-35,1E-35
35.85,1E-35,1E-35
35.95,1E-35,1E-35
36.05,1E-35,1E-35
36.15,1E-35,1E-35
36.25,1E-35,1E-35
36.35,1E-35,1E-35
36.45,1E-35,1E-35
36.55,1E-35,1E-35
36.65,1E-35,1E-35
36.75,1E-35,1E-35
36.85,1E-35,1E-35
36.95,1E-35,1E-35
37.05,1E-35,1E-35
37.15,1E-35,1E-35
37.25,1E-35,1E-35
37.35,1E-35,1E-35
37.45,1E-35,1E-35
37.55,1E-35,1E-35
37.65,1E-35,1E-35
37.75,1E-35,1E-35
37.85,1E-35,1E-35
37.95,1E-35,1E-35
38.05,1E-35,1E-35
38.15,1E-35,1E-35
38.25,1E-35,1E-35
38.35,1E-35,1E-35
38.45,1E-35,1E-35
38.55,1E-35,1E-35
38.65,1E-35,1E-35
38.75,1E-35,1E-35
38.85,1E-35,1E-35
38.95,1E-35,1E-35
39.05,1E-35,1E-35
39.15,1E-35,1E-35
39.25,1E-35,1E-35
39.35,1E-35,1E-35
39.45,1E-35,1E-35
39.55,1E-35,1E-35
39.65,1E-35,1E-35
39.75,1E-35,1E-35
39.85,1E-35,1E-35
39.95,1E-35,1E-35
40.05,1E-35,1E-35
40.15,1E-35,1E-35
40.25,1E-35,1E-35
40.35,1E-35,1E-35
40.45,1E-35,1E-35
40.55,1E-35,1E-35
40.65,1E-35,1E-35
40.75,1E-35,1E-35
40.85,1E-35,1E-35
40.95,1E-35,1E-35
41.05,1E-35,1E-35
41.15,1E-35,1E-35
41.25,1E-35,1E-35
41.35,1E-35,1E-35
41.45,1E-35,1E-35
41.55,1E-35,1E-35
41.65,1E-35,1E-35
41.75,1E-35,1E-35
41.85,1E-35,1E-35
41.95,1E-35,1E-35
42.05,1E-35,1E-35
42.15,1E-35,1E-35
42.25,1E-35,1E-35
42.35,1E-35,1E-35
42.45,1E-35,1E-35
42.55,1E-35,1E-35
42.65,1E-35,1E-35
42.75,1E-35,1E-35
42.85,1E-35,1E-35
42.95,1E-35,1E-35
43.05,1E-35,1E-35
43.15,1E-35,1E-35
43.25,1E-35,1E-35
43.35,1E-35,1E-35
43.45,1E-35,1E-35
43.55,1E-35,1E-35
43.65,1E-35,1E-35
43.75,1E-35,1E-35
43.85,1E-35,1E-35
43.95,1E-35,1E-35
44.05,1E-35,1E-35
44.15,1E-35,1E-35
44.25,1E-35,1E-35
44.35,1E-35,1E-35
44.45,1E-35,1E-35
44.55,1E-35,1E-35
44.65,1E-35,1E-35
44.75,1E-35,1E-35
44.85,1E-35,1E-35
44.95,1E-35,1E-35
45.05,1E-35,1E-35
45.15,1E-35,1E-35
45.25,1E-35,1E-35
45.35,1E-35,1E-35
45.45,1E-35,1E-35
45.55,1E-35,1E-35
45.65,1E-35,1E-35
45.75,1E-35,1E-35
45.85,1E-35,1E-35
45.95,1E-35,1E-35
46.05,1E-35,1E-35
46.15,1E-35,1E-35
46.25,1E-35,1E-35
46.35,1E-35,1E-35
46.45,1E-35,1E-35
46.55,1E-35,1E-35
46.65,1E-35,1E-35
46.75,1E-35,1E-35
46.85,1E-35,1E-35
46.95,1E-35,1E-35
47.05,1E-35,1E-35
47.15,1E-35,1E-35
47.25,1E-35,1E-35
47.35,1E-35,1E-35
47.45,1E-35,1E-35
47.55,1E-35,1E-35
47.65,1E-35,1E-35
47.75,1E-35,1E-35
47.85,1E-35,1E-35
47.95,1E-35,1E-35
48.05,1E-35,1E-35
48.15,1E-35,1E-35
48.25,1E-35,1E-35
48.35,1E-35,1E-35
48.45,1E-35,1E-35
48.55,1E-35,1E-35
48.65,1E-35,1E-35
48.75,1E-35,1E-35
48.85,1E-35,1E-35
48.95,1E-35,1E-35
49.05,1E-35,1E-35
49.15,1E-35,1E-35
49.25,1E-35,1E-35
49.35,1E-35,1E-35
49.45,1E-35,1E-35
49.55,1E-35,1E-35
49.65,1E-35,1E-35
49.75,1E-35,1E-35
49.85,1E-35,1E-35
49.95,1E-35,1E-35
50.05,1E-35,1E-35
50.15,1E-35,1E-35
50.25,1E-35,1E-35
50.35,1E-35,1E-35
50.45,1E-35,1E-35
50.55,1E-35,1E-35
50.65,1E-35,1E-35
50.75,1E-35,1E-35
50.85,1E-35,1E-35
50.95,1E-35,1E-35
51.05,1E-35,1E-35
51.15,1E-35,1E-35
51.25,1E-35,1E-35
51.35,1E-35,1E-35
51.45,1E-35,1E-35
51.55,1E-35,1E-35
51.65,1E-35,1E-35
51.75,1E-35,1E-35
51.85,1E-35,1E-35
51.95,1E-35,1E-35
52.05,1E-35,1E-35
52.15,1E-35,1E-35
52.25,1E-35,1E-35
52.35,1E-35,1E-35
52.45,1E-35,1E-35
52.55,1E-35,1E-35
52.65,1E-35,1E-35
52.75,1E-35,1E-35
52.85,1E-35,1E-35
52.95,1E-35,1E-35
53.05,1E-35,1E-35
53.15,1E-35,1E-35
53.25,1E-35,1E-35
53.35,1E-35,1E-35
53.45,1E-35,1E-35
53.55,1E-35,1E-35
53.65,1E-35,1E-35
53.75,1E-35,1E-35
53.85,1E-35,1E-35
53.95,1E-35,1E-35
54.05,1E-35,1E-35
54.15,1E-35,1E-35
54.25,1E-35,1E-35
54.35,1E-35,1E-35
54.45,1E-35,1E-35
54.55,1E-35,1E-35
54.65,1E-35,1E-35
54.75,1E-35,1E-35
54.85,1E-35,1E-35
54.95,1E-35,1E-35
55.05,1E-35,1E-35
55.15,1E-35,1E-35
55.25,1E-35,1E-35
55.35,1E-35,1E-35
55.45,1E-35,1E-35
55.55,1E-35,1E-35
55.65,1E-35,1E-35
55.75,1E-35,1E-35
55.85,1E-35,1E-35
55.95,1E-35,1E-35
56.05,1E-35,1E-35
56.15,1E-35,1E-35
56.25,1E-35,1E-35
56.35,1E-35,1E-35
56.45,1E-35,1E-35
56.55,1E-35,1E-35
56.65,1E-35,1E-35
56.75,1E-35,1E-35
56.85,1E-35,1E-35
56.95,1E-35,1E-35
57.05,1E-35,1E-35
57.15,1E-35,1E-35
57.25,1E-35,1E-35
57.35,1E-35,1E-35
57.45,1E-35,1E-35
57.55,1E-35,1E-35
57.65,1E-35,1E-35
57.75,1E-35,1E-35
57.85,1E-35,1E-35
57.95,1E-35,1E-35
58.05,1E-35,1E-35
58.15,1E-35,1E-35
58.25,1E-35,1E-35
58.35,1E-35,1E-35
58.45,1E-35,1E-35
58.55,1E-35,1E-35
58.65,1E-35,1E-35
58.75,1E-35,1E-35
58.85,1E-35,1E-35
58.95,1E-35,1E-35
59.05,1E-35,1E-35
59.15,1E-35,1E-35
59.25,1E-35,1E-35
59.35,1E-35,1E-35
59.45,1E-35,1E-35
59.55,1E-35,1E-35
59.65,1E-35,1E-35
59.75,1E-35,1E-35
59.85,1E-35,1E-35
59.95,1E-35,1E-35
60.05,1E-35,1E-35
60.15,1E-35,1E-35
60.25,1E-35,1E-35
60.35,1E-35,1E-35
60.45,1E-35,1E-35
60.55,1E-35,1E-35
60.65,1E-35,1E-35
60.75,1E-35,1E-35
60.85,1E-35,1E-35
60.95,1E-35,1E-35
61.05,1E-35,1E-35
61.15,1E-35,1E-35
61.25,1E-35,1E-35
61.35,1E-35,1E-35
61.45,1E-35,1E-35
61.55,1E-35,1E-35
61.65,1E-35,1E-35
61.75,1E-35,1E-35
61.85,1E-35,1E-35
61.95,1E-35,1E-35
62.05,1E-35,1E-35
62.15,1E-35,1E-35
62.25,1E-35,1E-35
62.35,1E-35,1E-35
62.45,1E-35,1E-35
62.55,1E-35,1E-35
62.65,1E-35,1E-35
62.75,1E-35,1E-35
62.85,1E-35,1E-35
62.95,1E-35,1E-35
63.05,1E-35,1E-35
63.15,1E-35,1E-35
63.25,1E-35,1E-35
63.35,1E-35,1E-35
63.45,1E-35,1E-35
63.55,1E-35,1E-35
63.65,1E-35,1E-35
63.75,1E-35,1E-35
63.85,1E-35,1E-35
63.95,1E-35,1E-35
64.05,1E-35,1E-35
64.15,1E-35,1E-35
64.25,1E-35,1E-35
64.35,1E-35,1E-35
64.45,1E-35,1E-35
64.55,1E-35,1E-35
64.65,1E-35,1E-35
64.75,1E-35,1E-35
64.85,1E-35,1E-35
64.95,1E-35,1E-35
65.05,1E-35,1E-35
65.15,1E-35,1E-35
65.25,1E-35,1E-35
65.35,1E-35,1E-35
65.45,1E-35,1E-35
65.55,1E-35,1E-35
65.65,1E-35,1E-35
65.75,1E-35,1E-35
65.85,1E-35,1E-35
65.95,1E-35,1E-35
66.05,1E-35,1E-35
66.15,1E-35,1E-35
66.25,1E-35,1E-35
66.35,1E-35,1E-35
66.45,1E-35,1E-35
66.55,1E-35,1E-35
66.65,1E-35,1E-35
66.75,1E-35,1E-35
66.85,1E-35,1E-35
66.95,1E-35,1E-35
67.05,1E-35,1E-35
67.15,1E-35,1E-35
67.25,1E-35,1E-35
67.35,1E-35,1E-35
67.45,1E-35,1E-35
67.55,1E-35,1E-35
67.65,1E-35,1E-35
67.75,1E-35,1E-35
67.85,1E-35,1E-35
67.95,1E-35,1E-35
68.05,1E-35,1E-35
68.15,1E-35,1E-35
68.25,1E-35,1E-35
68.35,1E-35,1E-35
68.45,1E-35,1E-35
68.55,1E-35,1E-35
68.65,1E-35,1E-35
68.75,1E-35,1E-35
68.85,1E-35,1E-35
68.95,1E-35,1E-35
69.05,1E-35,1E-35
69.15,1E-35,1E-35
69.25,1E-35,1E-35
69.35,1E-35,1E-35
69.45,1E-35,1E-35
69.55,1E-35,1E-35
69.65,1E-35,1E-35
69.75,1E-35,1E-35
69.85,1E-35,1E-35
69.95,1E-35,1E-35
70.05,1E-35,1E-35
70.15,1E-35,1E-35
70.25,1E-35,1E-35
70.35,1E-35,1E-35
70.45,1E-35,1E-35
70.55,1E-35,1E-35
70.65,1E-35,1E-35
70.75,1E-35,1E-35
70.85,1E-35,1E-35
70.95,1E-35,1E-35
71.05,1E-35,1E-35
71.15,1E-35,1E-35
71.25,1E-35,1E-35
71.35,1E-35,1E-35
71.45,1E-35,1E-35
71.55,1E-35,1E-35
71.65,1E-35,1E-35
71.75,1E-35,1E-35
71.85,1E-35,1E-35
71.95,1E-35,1E-35
72.05,1E-35,1E-35
72.15,1E-35,1E-35
72.25,1E-35,1E-35
72.35,1E-35,1E-35
72.45,1E-35,1E-35
72.55,1E-35,1E-35
72.65,1E-35,1E-35
72.75,1E-35,1E-35
72.85,1E-35,1E-35
72.95,1E-35,1E-35
73.05,1E-35,1E-35
73.15,1E-35,1E-35
73.25,1E-35,1E-35
73.35,1E-35,1E-35
73.45,1E-35,1E-35
73.55,1E-35,1E-35
73.65,1E-35,1E-35
73.75,1E-35,1E-35
73.85,1E-35,1E-35
73.95,1E-35,1E-35
74.05,1E-35,1E-35
74.15,1E-35,1E-35
74.25,1E-35,1E-35
74.35,1E-35,1E-35
74.45,1E-35,1E-35
74.55,1E-35,1E-35
74.65,1E-35,1E-35
74.75,1E-35,1E-35
74.85,1E-35,1E-35
74.95,1E-35,1E-35
75.05,1E-35,1E-35
75.15,1E-35,1E-35
75.25,1E-35,1E-35
75.35,1E-35,1E-35
75.45,1E-35,1E-35
75.55,1E-35,1E-35
75.65,1E-35,1E-35
75.75,1E-35,1E-35
75.85,1E-35,1E-35
75.95,1E-35,1E-35
76.05,1E-35,1E-35
76.15,1E-35,1E-35
76.25,1E-35,1E-35
76.35,1E-35,1E-35
76.45,1E-35,1E-35
76.55,1E-35,1E-35
76.65,1E-35,1E-35
76.75,1E-35,1E-35
76.85,1E-35,1E-35
76.95,1E-35,1E-35
77.05,1E-35,1E-35
77.15,1E-35,1E-35
77.25,1E-35,1E-35
77.35,1E-35,1E-35
77.45,1E-35,1E-35
77.55,1E-35,1E-35
77.65,1E-35,1E-35
77.75,1E-35,1E-35
77.85,1E-35,1E-35
77.95,1E-35,1E-35
78.05,1E-35,1E-35
78.15,1E-35,1E-35
78.25,1E-35,1E-35
78.35,1E-35,1E-35
78.45,1E-35,1E-35
78.55,1E-35,1E-35
78.65,1E-35,1E-35
78.75,1E-35,1E-35
78.85,1E-35,1E-35
78.95,1E-35,1E-35
79.05,1E-35,1E-35
79.15,1E-35,1E-35
79.25,1E-35,1E-35
79.35,1E-35,1E-35
79.45,1E-35,1E-35
79.55,1E-35,1E-35
79.65,1E-35,1E-35
79.75,1E-35,1E-35
79.85,1E-35,1E-35
79.95,1E-35,1E-35
80.05,1E-35,1E-35
80.15,1E-35,1E-35
80.25,1E-35,1E-35
80.35,1E-35,1E-35
80.45,1E-35,1E-35
80.55,1E-35,1E-35
80.65,1E-35,1E-35
80.75,1E-35,1E-35
80.85,1E-35,1E-35
80.95,1E-35,1E-35
81.05,1E-35,1E-35
81.15,1E-35,1E-35
81.25,1E-35,1E-35
81.35,1E-35,1E-35
81.45,1E-35,1E-35
81.55,1E-35,1E-35
81.65,1E-35,1E-35
81.75,1E-35,1E-35
81.85,1E-35,1E-35
81.95,1E-35,1E-35
82.05,1E-35,1E-35
82.15,1E-35,1E-35
82.25,1E-35,1E-35
82.35,1E-35,1E-35
82.45,1E-35,1E-35
82.55,1E-35,1E-35
82.65,1E-35,1E-35
82.75,1E-35,1E-35
82.85,1E-35,1E-35
82.95,1E-35,1E-35
83.05,1E-35,1E-35
83.15,1E-35,1E-35
83.25,1E-35,1E-35
83.35,1E-35,1E-35
83.45,1E-35,1E-35
83.55,1E-35,1E-35
83.65,1E-35,1E-35
83.75,1E-35,1E-35
83.85,1E-35,1E-35
83.95,1E-35,1E-35
84.05,1E-35,1E-35
84.15,1E-35,1E-35
84.25,1E-35,1E-35
84.35,1E-35,1E-35
84.45,1E-35,1E-35
84.55,1E-35,1E-35
84.65,1E-35,1E-35
84.75,1E-35,1E-35
84.85,1E-35,1E-35
84.95,1E-35,1E-35
85.05,1E-35,1E-35
85.15,1E-35,1E-35
85.25,1E-35,1E-35
85.35,1E-35,1E-35
85.45,1E-35,1E-35
85.55,1E-35,1E-35
85.65,1E-35,1E-35
85.75,1E-35,1E-35
85.85,1E-35,1E-35
85.95,1E-35,1E-35
86.05,1E-35,1E-35
86.15,1E-35,1E-35
86.25,1E-35,1E-35
86.35,1E-35,1E-35
86.45,1E-35,1E-35
86.55,1E-35,1E-35
86.65,1E-35,1E-35
86.75,1E-35,1E-35
86.85,1E-35,1E-35
86.95,1E-35,1E-35
87.05,1E-35,1E-35
87.15,1E-35,1E-35
87.25,1E-35,1E-35
87.35,1E-35,1E-35
87.45,1E-35,1E-35
87.55,1E-35,1E-35
87.65,1E-35,1E-35
87.75,1E-35,1E-35
87.85,1E-35,1E-35
87.95,1E-35,1E-35
88.05,1E-35,1E-35
88.15,1E-35,1E-35
88.25,1E-35,1E-35
88.35,1E-35,1E-35
88.45,1E-35,1E-35
88.55,1E-35,1E-35
88.65,1E-35,1E-35
88.75,1E-35,1E-35
88.85,1E-35,1E-35
88.95,1E-35,1E-35
89.05,1E-35,1E-35
89.15,1E-35,1E-35
89.25,1E-35,1E-35
89.35,1E-35,1E-35
89.45,1E-35,1E-35
89.55,1E-35,1E-35
89.65,1E-35,1E-35
89.75,1E-35,1E-35
89.85,1E-35,1E-35
89.95,1E-35,1E-35
90.05,1E-35,1E-35
90.15,1E-35,1E-35
90.25,1E-35,1E-35
90.35,1E-35,1E-35
90.45,1E-35,1E-35
90.55,1E-35,1E-35
90.65,1E-35,1E-35
90.75,1E-35,1E-35
90.85,1E-35,1E-35
90.95,1E-35,1E-35
91.05,1E-35,1E-35
91.15,1E-35,1E-35
91.25,1E-35,1E-35
91.35,1E-35,1E-35
91.45,1E-35,1E-35
91.55,1E-35,1E-35
91.65,1E-35,1E-35
91.75,1E-35,1E-35
91.85,1E-35,1E-35
91.95,1E-35,1E-35
92.05,1E-35,1E-35
92.15,1E-35,1E-35
92.25,1E-35,1E-35
92.35,1E-35,1E-35
92.45,1E-35,1E-35
92.55,1E-35,1E-35
92.65,1E-35,1E-35
92.75,1E-35,1E-35
92.85,1E-35,1E-35
92.95,1E-35,1E-35
93.05,1E-35,1E-35
93.15,1E-35,1E-35
93.25,1E-35,1E-35
93.35,1E-35,1E-35
93.45,1E-35,1E-35
93.55,1E-35,1E-35
93.65,1E-35,1E-35
93.75,1E-35,1E-35
93.85,1E-35,1E-35
93.95,1E-35,1E-35
94.05,1E-35,1E-35
94.15,1E-35,1E-35
94.25,1E-35,1E-35
94.35,1E-35,1E-35
94.45,1E-35,1E-35
94.55,1E-35,1E-35
94.65,1E-35,1E-35
94.75,1E-35,1E-35
94.85,1E-35,1E-35
94.95,1E-35,1E-35
95.05,1E-35,1E-35
95.15,1E-35,1E-35
95.25,1E-35,1E-35
95.35,1E-35,1E-35
95.45,1E-35,1E-35
95.55,1E-35,1E-35
95.65,1E-35,1E-35
95.75,1E-35,1E-35
95.85,1E-35,1E-35
95.95,1E-35,1E-35
96.05,1E-35,1E-35
96.15,1E-35,1E-35
96.25,1E-35,1E-35
96.35,1E-35,1E-35
96.45,1E-35,1E-35
96.55,1E-35,1E-35
96.65,1E-35,1E-35
96.75,1E-35,1E-35
96.85,1E-35,1E-35
96.95,1E-35,1E-35
97.05,1E-35,1E-35
97.15,1E-35,1E-35
97.25,1E-35,1E-35
97.35,1E-35,1E-35
97.45,1E-35,1E-35
97.55,1E-35,1E-35
97.65,1E-35,1E-35
97.75,1E-35,1E-35
97.85,1E-35,1E-35
97.95,1E-35,1E-35
98.05,1E-35,1E-35
98.15,1E-35,1E-35
98.25,1E-35,1E-35
98.35,1E-35,1E-35
98.45,1E-35,1E-35
98.55,1E-35,1E-35
98.65,1E-35,1E-35
98.75,1E-35,1E-35
98.85,1E-35,1E-35
98.95,1E-35,1E-35
99.05,1E-35,1E-35
99.15,1E-35,1E-35
99.25,1E-35,1E-35
99.35,1E-35,1E-35
99.45,1E-35,1E-35
99.55,1E-35,1E-35
99.65,1E-35,1E-35
99.75,1E-35,1E-35
99.85,1E-35,1E-35
99.95,1E-35,1E-35