0.05,1E-35,1E-35
0.15,1E-35,1E-35
0.25,1E-35,1E-35
0.35,1E-35,1E-35
0.45,1E-35,1E-35
0.55,1E-35,1E-35
0.65,1E-35,1E-35
0.75,1E-35,1E-35
0.85,1E-35,1E-35
0.95,1E-35,1E-35
1.05,2.91604E-12,2.18751E-12
1.15,1.93636E-12,4.40669E-12
1.25,8.98266E-12,1.16447E-11
1.35,3.22244E-10,4.00446E-10
1.45,1.99679E-10,2.30007E-10
1.55,5.48668E-10,6.0289E-10
1.65,2.11377E-9,1.98826E-9
1.75,6.90337E-8,7.5394E-8
1.85,3.02771E-8,3.05457E-8
1.95,3.25842E-9,3.21183E-9
2.05,1.18E-8,1.09879E-8
2.15,5.99761E-9,6.12804E-9
2.25,7.32212E-9,7.46992E-9
2.35,1.41102E-8,1.47811E-8
2.45,9.75832E-9,1.01889E-8
2.55,1.14517E-8,1.17971E-8
2.65,1.23662E-8,1.28461E-8
2.75,1.48517E-8,1.53844E-8
2.85,1.49206E-8,1.5586E-8
2.95,1.61291E-8,1.70061E-8
3.05,1.73748E-8,1.83537E-8
3.15,1.85539E-8,1.9708E-8
3.25,1.9415E-8,2.0884E-8
3.35,2.03088E-8,2.18638E-8
3.45,2.10317E-8,2.2785E-8
3.55,2.18147E-8,2.36077E-8
3.65,2.23163E-8,2.46047E-8
3.75,2.30255E-8,2.50471E-8
3.85,2.32095E-8,2.57452E-8
3.95,2.36856E-8,2.62397E-8
4.05,2.39921E-8,2.65608E-8
4.15,2.41841E-8,2.70838E-8
4.25,2.44551E-8,2.7422E-8
4.35,2.45039E-8,2.77315E-8
4.45,2.46344E-8,2.77956E-8
4.55,2.46092E-8,2.81191E-8
4.65,2.47226E-8,2.80787E-8
4.75,2.46066E-8,2.81314E-8
4.85,2.45254E-8,2.81603E-8
4.95,2.44265E-8,2.81957E-8
5.05,2.4396E-8,2.83651E-8
5.15,2.42073E-8,2.81204E-8
5.25,2.41309E-8,2.79948E-8
5.35,2.38838E-8,2.79287E-8
5.45,2.36203E-8,2.77032E-8
5.55,2.34806E-8,2.76728E-8
5.65,2.33389E-8,2.73973E-8
5.75,2.30901E-8,2.73287E-8
5.85,2.29021E-8,2.6999E-8
5.95,2.25791E-8,2.66768E-8
6.05,2.23909E-8,2.6569E-8
6.15,2.21935E-8,2.63679E-8
6.25,2.17244E-8,2.62652E-8
6.35,2.16181E-8,2.58087E-8
6.45,2.12202E-8,2.56309E-8
6.55,2.11324E-8,2.54152E-8
6.65,2.07724E-8,2.52003E-8
6.75,2.0603E-8,2.48028E-8
6.85,2.02854E-8,2.44745E-8
6.95,2.00248E-8,2.42513E-8
7.05,1.97721E-8,2.40166E-8
7.15,1.94877E-8,2.37152E-8
7.25,1.92262E-8,2.35208E-8
7.35,5.09262E-8,6.79413E-8
7.45,1.87539E-8,2.29423E-8
7.55,1.84829E-8,2.25061E-8
7.65,1.84944E-8,2.28853E-8
7.75,1.80563E-8,2.2145E-8
7.85,1.7753E-8,2.18633E-8
7.95,1.78065E-8,2.19273E-8
8.05,1.73477E-8,2.12869E-8
8.15,1.71164E-8,2.11466E-8
8.25,1.70207E-8,2.10063E-8
8.35,5.47768E-7,8.05204E-7
8.45,1.63196E-8,2.03697E-8
8.55,1.62203E-8,2.00306E-8
8.65,1.58379E-8,1.97687E-8
8.75,2.10281E-8,2.7416E-8
8.85,1.53956E-8,1.93228E-8
8.95,1.53469E-8,1.9217E-8
9.05,1.50301E-8,1.88861E-8
9.15,1.47875E-8,1.85642E-8
9.25,1.47354E-8,1.86114E-8
9.35,1.45093E-8,1.80964E-8
9.45,1.43067E-8,1.81369E-8
9.55,2.51314E-8,3.55029E-8
9.65,2.13901E-7,3.26836E-7
9.75,1.38312E-8,1.73797E-8
9.85,2.76729E-8,3.92809E-8
9.95,1.10666E-7,1.63612E-7
10.05,1.31087E-8,1.66386E-8
10.15,1.71715E-8,2.23447E-8
10.25,1.27403E-8,1.61823E-8
10.35,1.18505E-8,1.48637E-8
10.45,1.17239E-8,1.4468E-8
10.55,1.15021E-8,1.45348E-8
10.65,1.14084E-8,1.42526E-8
10.75,1.12022E-8,1.42341E-8
10.85,1.11275E-8,1.40216E-8
10.95,1.24849E-8,1.5592E-8
11.05,1.08234E-8,1.37356E-8
11.15,1.07454E-8,1.37421E-8
11.25,1.06168E-8,1.34618E-8
11.35,4.50215E-8,6.70377E-8
11.45,1.05832E-8,1.37038E-8
11.55,1.39779E-8,1.86772E-8
11.65,1.33563E-8,1.77008E-8
11.75,9.66364E-9,1.24031E-8
11.85,9.74748E-9,1.24242E-8
11.95,9.4011E-9,1.20386E-8
12.05,1.01752E-8,1.35514E-8
12.15,9.07731E-9,1.16279E-8
12.25,9.07137E-9,1.15826E-8
12.35,8.96977E-9,1.13458E-8
12.45,8.8362E-9,1.13956E-8
12.55,8.68199E-9,1.11649E-8
12.65,8.59715E-9,1.11142E-8
12.75,8.42945E-9,1.1034E-8
12.85,8.4483E-9,1.09146E-8
12.95,8.38966E-9,1.06975E-8
13.05,8.23121E-9,1.05258E-8
13.15,8.13491E-9,1.04732E-8
13.25,8.10248E-9,1.04646E-8
13.35,7.94071E-9,1.04062E-8
13.45,7.84916E-9,1.01236E-8
13.55,7.73442E-9,1.00811E-8
13.65,7.66031E-9,9.95008E-9
13.75,7.57199E-9,9.94761E-9
13.85,7.4555E-9,9.89359E-9
13.95,7.36101E-9,9.7645E-9
14.05,7.31015E-9,9.60895E-9
14.15,7.21665E-9,9.5416E-9
14.25,7.04262E-9,9.28979E-9
14.35,7.05564E-9,9.28732E-9
14.45,6.95117E-9,9.30489E-9
14.55,6.88278E-9,9.16538E-9
14.65,6.78225E-9,9.06196E-9
14.75,6.6546E-9,8.9254E-9
14.85,6.61645E-9,8.81929E-9
14.95,6.44391E-9,8.75505E-9
15.05,6.41696E-9,8.64463E-9
15.15,6.3625E-9,8.57676E-9
15.25,6.27768E-9,8.51746E-9
15.35,6.16999E-9,8.35553E-9
15.45,6.13556E-9,8.29846E-9
15.55,6.0662E-9,8.18514E-9
15.65,5.92924E-9,8.13276E-9
15.75,5.86414E-9,8.04048E-9
15.85,5.78222E-9,8.05376E-9
15.95,5.76602E-9,7.88541E-9
16.05,5.60158E-9,7.87652E-9
16.15,5.56808E-9,7.74933E-9
16.25,5.50346E-9,7.66609E-9
16.35,5.42027E-9,7.54733E-9
16.45,5.37842E-9,7.43019E-9
16.55,5.30041E-9,7.40647E-9
16.65,5.27031E-9,7.29906E-9
16.75,5.09453E-9,7.26093E-9
16.85,5.07342E-9,7.20702E-9
16.95,4.98922E-9,7.15889E-9
17.05,4.9214E-9,6.97648E-9
17.15,4.87536E-9,6.91991E-9
17.25,4.87266E-9,6.81803E-9
17.35,4.71593E-9,6.76226E-9
17.45,4.73168E-9,6.76143E-9
17.55,4.60421E-9,6.64936E-9
17.65,4.53216E-9,6.65647E-9
17.75,4.45808E-9,6.54432E-9
17.85,4.39317E-9,6.46163E-9
17.95,4.37164E-9,6.34702E-9
18.05,4.3101E-9,6.28497E-9
18.15,4.2093E-9,6.20133E-9
18.25,4.16064E-9,6.12581E-9
18.35,4.10985E-9,6.08449E-9
18.45,4.05248E-9,6.05152E-9
18.55,3.92361E-9,6.00275E-9
18.65,3.90261E-9,5.91174E-9
18.75,3.84134E-9,5.81424E-9
18.85,3.76608E-9,5.7883E-9
18.95,3.7528E-9,5.69547E-9
19.05,3.69741E-9,5.66239E-9
19.15,3.62159E-9,5.58535E-9
19.25,3.54517E-9,5.50961E-9
19.35,3.53927E-9,5.45939E-9
19.45,3.42663E-9,5.46047E-9
19.55,3.3503E-9,5.32491E-9
19.65,3.32213E-9,5.22414E-9
19.75,3.32005E-9,5.15943E-9
19.85,3.22814E-9,5.17965E-9
19.95,3.16328E-9,5.14495E-9
20.05,3.05814E-9,5.02464E-9
20.15,3.07885E-9,5.04548E-9
20.25,2.9689E-9,4.92216E-9
20.35,2.93149E-9,4.86084E-9
20.45,2.88951E-9,4.80169E-9
20.55,2.87471E-9,4.78815E-9
20.65,2.72775E-9,4.69329E-9
20.75,2.73642E-9,4.66481E-9
20.85,2.69282E-9,4.567E-9
20.95,2.62038E-9,4.53809E-9
21.05,2.54212E-9,4.53315E-9
21.15,2.49205E-9,4.45221E-9
21.25,2.43726E-9,4.42703E-9
21.35,2.42348E-9,4.34985E-9
21.45,2.32046E-9,4.21994E-9
21.55,2.28488E-9,4.24044E-9
21.65,2.23872E-9,4.17707E-9
21.75,2.18308E-9,4.09681E-9
21.85,2.16036E-9,4.04429E-9
21.95,2.11985E-9,4.06565E-9
22.05,2.07854E-9,3.98493E-9
22.15,1.94652E-9,3.94227E-9
22.25,1.89677E-9,3.89464E-9
22.35,1.88284E-9,3.77532E-9
22.45,1.8071E-9,3.7759E-9
22.55,1.72999E-9,3.70476E-9
22.65,1.66899E-9,3.64133E-9
22.75,1.63198E-9,3.59856E-9
22.85,1.61104E-9,3.51576E-9
22.95,1.51694E-9,3.54221E-9
23.05,1.46577E-9,3.44996E-9
23.15,1.42732E-9,3.41439E-9
23.25,1.37498E-9,3.3841E-9
23.35,1.32346E-9,3.33841E-9
23.45,1.20275E-9,3.21672E-9
23.55,1.17293E-9,3.25779E-9
23.65,1.11512E-9,3.16015E-9
23.75,1.06928E-9,3.12049E-9
23.85,9.9553E-10,3.0802E-9
23.95,9.35075E-10,3.09268E-9
24.05,8.61939E-10,3.03446E-9
24.15,7.82107E-10,2.9601E-9
24.25,7.46507E-10,2.88091E-9
24.35,6.41985E-10,2.84166E-9
24.45,5.73844E-10,2.82694E-9
24.55,5.15183E-10,2.74399E-9
24.65,4.27136E-10,2.73774E-9
24.75,3.13746E-10,2.67969E-9
24.85,2.58912E-10,2.5939E-9
24.95,2.16362E-10,2.59352E-9
25.05,1E-35,2.52246E-9
25.15,1E-35,2.51561E-9
25.25,1E-35,2.49169E-9
25.35,1E-35,2.36466E-9
25.45,1E-35,2.39125E-9
25.55,1E-35,2.34414E-9
25.65,1E-35,2.27087E-9
25.75,1E-35,2.22528E-9
25.85,1E-35,2.16241E-9
25.95,1E-35,2.1587E-9
26.05,1E-35,2.08054E-9
26.15,1E-35,2.08069E-9
26.25,1E-35,2.02131E-9
26.35,1E-35,1.99934E-9
26.45,1E-35,1.91906E-9
26.55,1E-35,1.9074E-9
26.65,1E-35,1.85595E-9
26.75,1E-35,1.80986E-9
26.85,1E-35,1.78627E-9
26.95,1E-35,1.69399E-9
27.05,1E-35,1.71913E-9
27.15,1E-35,1.6473E-9
27.25,1E-35,1.59979E-9
27.35,1E-35,1.50481E-9
27.45,1E-35,1.49725E-9
27.55,1E-35,1.4521E-9
27.65,1E-35,1.39532E-9
27.75,1E-35,1.36704E-9
27.85,1E-35,1.32817E-9
27.95,1E-35,1.29324E-9
28.05,1E-35,1.23576E-9
28.15,1E-35,1.19231E-9
28.25,1E-35,1.1287E-9
28.35,1E-35,1.08357E-9
28.45,1E-35,1.01703E-9
28.55,1E-35,9.70081E-10
28.65,1E-35,8.86501E-10
28.75,1E-35,8.61653E-10
28.85,1E-35,8.14763E-10
28.95,1E-35,7.81304E-10
29.05,1E-35,7.23938E-10
29.15,1E-35,6.73908E-10
29.25,1E-35,6.1777E-10
29.35,1E-35,5.61503E-10
29.45,1E-35,5.11078E-10
29.55,1E-35,4.25091E-10
29.65,1E-35,3.22849E-10
29.75,1E-35,2.88772E-10
29.85,1E-35,2.28657E-10
29.95,1E-35,1.76055E-10
30.05,1E-35,1E-35
30.15,1E-35,1E-35
30.25,1E-35,1E-35
30.35,1E-35,1E-35
30.45,1E-35,1E-35
30.55,1E-35,1E-35
30.65,1E-35,1E-35
30.75,1E-35,1E-35
30.85,1E-35,1E-35
30.95,1E-35,1E-35
31.05,1E-35,1E-35
31.15,1E-35,1E-35
31.25,1E-35,1E-35
31.35,1E-35,1E-35
31.45,1E-35,1E-35
31.55,1E-35,1E-35
31.65,1E-35,1E-35
31.75,1E-35,1E-35
31.85,1E-35,1E-35
31.95,1E-35,1E-35
32.05,1E-35,1E-35
32.15,1E-35,1E-35
32.25,1E-35,1E-35
32.35,1E-35,1E-35
32.45,1E-35,1E-35
32.55,1E-35,1E-35
32.65,1E-35,1E-35
32.75,1E-35,1E-35
32.85,1E-35,1E-35
32.95,1E-35,1E-35
33.05,1E-35,1E-35
33.15,1E-35,1E-35
33.25,1E-35,1E-35
33.35,1E-35,1E-35
33.45,1E-35,1E-35
33.55,1E-35,1E-35
33.65,1E-35,1E-35
33.75,1E-35,1E-35
33.85,1E-35,1E-35
33.95,1E-35,1E-35
34.05,1E-35,1E-35
34.15,1E-35,1E-35
34.25,1E-35,1E-35
34.35,1E-35,1E-35
34.45,1E-35,1E-35
34.55,1E-35,1E-35
34.65,1E-35,1E-35
34.75,1E-35,1E-35
34.85,1E-35,1E-35
34.95,1E-35,1E-35
35.05,1E-35,1E-35
35.15,1E-35,1E-35
35.25,1E-35,1E-35
35.35,1E-35,1E-35
35.45,1E-35,1E-35
35.55,1E-35,1E-35
35.65,1E-35,1E-35
35.75,1E-35,1E-35
35.85,1E-35,1E-35
35.95,1E-35,1E-35
36.05,1E-35,1E-35
36.15,1E-35,1E-35
36.25,1E-35,1E-35
36.35,1E-35,1E-35
36.45,1E-35,1E-35
36.55,1E-35,1E-35
36.65,1E-35,1E-35
36.75,1E-35,1E-35
36.85,1E-35,1E-35
36.95,1E-35,1E-35
37.05,1E-35,1E-35
37.15,1E-35,1E-35
37.25,1E-35,1E-35
37.35,1E-35,1E-35
37.45,1E-35,1E-35
37.55,1E-35,1E-35
37.65,1E-35,1E-35
37.75,1E-35,1E-35
37.85,1E-35,1E-35
37.95,1E-35,1E-35
38.05,1E-35,1E-35
38.15,1E-35,1E-35
38.25,1E-35,1E-35
38.35,1E-35,1E-35
38.45,1E-35,1E-35
38.55,1E-35,1E-35
38.65,1E-35,1E-35
38.75,1E-35,1E-35
38.85,1E-35,1E-35
38.95,1E-35,1E-35
39.05,1E-35,1E-35
39.15,1E-35,1E-35
39.25,1E-35,1E-35
39.35,1E-35,1E-35
39.45,1E-35,1E-35
39.55,1E-35,1E-35
39.65,1E-35,1E-35
39.75,1E-35,1E-35
39.85,1E-35,1E-35
39.95,1E-35,1E-35
40.05,1E-35,1E-35
40.15,1E-35,1E-35
40.25,1E-35,1E-35
40.35,1E-35,1E-35
40.45,1E-35,1E-35
40.55,1E-35,1E-35
40.65,1E-35,1E-35
40.75,1E-35,1E-35
40.85,1E-35,1E-35
40.95,1E-35,1E-35
41.05,1E-35,1E-35
41.15,1E-35,1E-35
41.25,1E-35,1E-35
41.35,1E-35,1E-35
41.45,1E-35,1E-35
41.55,1E-35,1E-35
41.65,1E-35,1E-35
41.75,1E-35,1E-35
41.85,1E-35,1E-35
41.95,1E-35,1E-35
42.05,1E-35,1E-35
42.15,1E-35,1E-35
42.25,1E-35,1E-35
42.35,1E-35,1E-35
42.45,1E-35,1E-35
42.55,1E-35,1E-35
42.65,1E-35,1E-35
42.75,1E-35,1E-35
42.85,1E-35,1E-35
42.95,1E-35,1E-35
43.05,1E-35,1E-35
43.15,1E-35,1E-35
43.25,1E-35,1E-35
43.35,1E-35,1E-35
43.45,1E-35,1E-35
43.55,1E-35,1E-35
43.65,1E-35,1E-35
43.75,1E-35,1E-35
43.85,1E-35,1E-35
43.95,1E-35,1E-35
44.05,1E-35,1E-35
44.15,1E-35,1E-35
44.25,1E-35,1E-35
44.35,1E-35,1E-35
44.45,1E-35,1E-35
44.55,1E-35,1E-35
44.65,1E-35,1E-35
44.75,1E-35,1E-35
44.85,1E-35,1E-35
44.95,1E-35,1E-35
45.05,1E-35,1E-35
45.15,1E-35,1E-35
45.25,1E-35,1E-35
45.35,1E-35,1E-35
45.45,1E-35,1E-35
45.55,1E-35,1E-35
45.65,1E-35,1E-35
45.75,1E-35,1E-35
45.85,1E-35,1E-35
45.95,1E-35,1E-35
46.05,1E-35,1E-35
46.15,1E-35,1E-35
46.25,1E-35,1E-35
46.35,1E-35,1E-35
46.45,1E-35,1E-35
46.55,1E-35,1E-35
46.65,1E-35,1E-35
46.75,1E-35,1E-35
46.85,1E-35,1E-35
46.95,1E-35,1E-35
47.05,1E-35,1E-35
47.15,1E-35,1E-35
47.25,1E-35,1E-35
47.35,1E-35,1E-35
47.45,1E-35,1E-35
47.55,1E-35,1E-35
47.65,1E-35,1E-35
47.75,1E-35,1E-35
47.85,1E-35,1E-35
47.95,1E-35,1E-35
48.05,1E-35,1E-35
48.15,1E-35,1E-35
48.25,1E-35,1E-35
48.35,1E-35,1E-35
48.45,1E-35,1E-35
48.55,1E-35,1E-35
48.65,1E-35,1E-35
48.75,1E-35,1E-35
48.85,1E-35,1E-35
48.95,1E-35,1E-35
49.05,1E-35,1E-35
49.15,1E-35,1E-35
49.25,1E-35,1E-35
49.35,1E-35,1E-35
49.45,1E-35,1E-35
49.55,1E-35,1E-35
49.65,1E-35,1E-35
49.75,1E-35,1E-35
49.85,1E-35,1E-35
49.95,1E-35,1E-35
50.05,1E-35,1E-35
50.15,1E-35,1E-35
50.25,1E-35,1E-35
50.35,1E-35,1E-35
50.45,1E-35,1E-35
50.55,1E-35,1E-35
50.65,1E-35,1E-35
50.75,1E-35,1E-35
50.85,1E-35,1E-35
50.95,1E-35,1E-35
51.05,1E-35,1E-35
51.15,1E-35,1E-35
51.25,1E-35,1E-35
51.35,1E-35,1E-35
51.45,1E-35,1E-35
51.55,1E-35,1E-35
51.65,1E-35,1E-35
51.75,1E-35,1E-35
51.85,1E-35,1E-35
51.95,1E-35,1E-35
52.05,1E-35,1E-35
52.15,1E-35,1E-35
52.25,1E-35,1E-35
52.35,1E-35,1E-35
52.45,1E-35,1E-35
52.55,1E-35,1E-35
52.65,1E-35,1E-35
52.75,1E-35,1E-35
52.85,1E-35,1E-35
52.95,1E-35,1E-35
53.05,1E-35,1E-35
53.15,1E-35,1E-35
53.25,1E-35,1E-35
53.35,1E-35,1E-35
53.45,1E-35,1E-35
53.55,1E-35,1E-35
53.65,1E-35,1E-35
53.75,1E-35,1E-35
53.85,1E-35,1E-35
53.95,1E-35,1E-35
54.05,1E-35,1E-35
54.15,1E-35,1E-35
54.25,1E-35,1E-35
54.35,1E-35,1E-35
54.45,1E-35,1E-35
54.55,1E-35,1E-35
54.65,1E-35,1E-35
54.75,1E-35,1E-35
54.85,1E-35,1E-35
54.95,1E-35,1E-35
55.05,1E-35,1E-35
55.15,1E-35,1E-35
55.25,1E-35,1E-35
55.35,1E-35,1E-35
55.45,1E-35,1E-35
55.55,1E-35,1E-35
55.65,1E-35,1E-35
55.75,1E-35,1E-35
55.85,1E-35,1E-35
55.95,1E-35,1E-35
56.05,1E-35,1E-35
56.15,1E-35,1E-35
56.25,1E-35,1E-35
56.35,1E-35,1E-35
56.45,1E-35,1E-35
56.55,1E-35,1E-35
56.65,1E-35,1E-35
56.75,1E-35,1E-35
56.85,1E-35,1E-35
56.95,1E-35,1E-35
57.05,1E-35,1E-35
57.15,1E-35,1E-35
57.25,1E-35,1E-35
57.35,1E-35,1E-35
57.45,1E-35,1E-35
57.55,1E-35,1E-35
57.65,1E-35,1E-35
57.75,1E-35,1E-35
57.85,1E-35,1E-35
57.95,1E-35,1E-35
58.05,1E-35,1E-35
58.15,1E-35,1E-35
58.25,1E-35,1E-35
58.35,1E-35,1E-35
58.45,1E-35,1E-35
58.55,1E-35,1E-35
58.65,1E-35,1E-35
58.75,1E-35,1E-35
58.85,1E-35,1E-35
58.95,1E-35,1E-35
59.05,1E-35,1E-35
59.15,1E-35,1E-35
59.25,1E-35,1E-35
59.35,1E-35,1E-35
59.45,1E-35,1E-35
59.55,1E-35,1E-35
59.65,1E-35,1E-35
59.75,1E-35,1E-35
59.85,1E-35,1E-35
59.95,1E-35,1E-35
60.05,1E-35,1E-35
60.15,1E-35,1E-35
60.25,1E-35,1E-35
60.35,1E-35,1E-35
60.45,1E-35,1E-35
60.55,1E-35,1E-35
60.65,1E-35,1E-35
60.75,1E-35,1E-35
60.85,1E-35,1E-35
60.95,1E-35,1E-35
61.05,1E-35,1E-35
61.15,1E-35,1E-35
61.25,1E-35,1E-35
61.35,1E-35,1E-35
61.45,1E-35,1E-35
61.55,1E-35,1E-35
61.65,1E-35,1E-35
61.75,1E-35,1E-35
61.85,1E-35,1E-35
61.95,1E-35,1E-35
62.05,1E-35,1E-35
62.15,1E-35,1E-35
62.25,1E-35,1E-35
62.35,1E-35,1E-35
62.45,1E-35,1E-35
62.55,1E-35,1E-35
62.65,1E-35,1E-35
62.75,1E-35,1E-35
62.85,1E-35,1E-35
62.95,1E-35,1E-35
63.05,1E-35,1E-35
63.15,1E-35,1E-35
63.25,1E-35,1E-35
63.35,1E-35,1E-35
63.45,1E-35,1E-35
63.55,1E-35,1E-35
63.65,1E-35,1E-35
63.75,1E-35,1E-35
63.85,1E-35,1E-35
63.95,1E-35,1E-35
64.05,1E-35,1E-35
64.15,1E-35,1E-35
64.25,1E-35,1E-35
64.35,1E-35,1E-35
64.45,1E-35,1E-35
64.55,1E-35,1E-35
64.65,1E-35,1E-35
64.75,1E-35,1E-35
64.85,1E-35,1E-35
64.95,1E-35,1E-35
65.05,1E-35,1E-35
65.15,1E-35,1E-35
65.25,1E-35,1E-35
65.35,1E-35,1E-35
65.45,1E-35,1E-35
65.55,1E-35,1E-35
65.65,1E-35,1E-35
65.75,1E-35,1E-35
65.85,1E-35,1E-35
65.95,1E-35,1E-35
66.05,1E-35,1E-35
66.15,1E-35,1E-35
66.25,1E-35,1E-35
66.35,1E-35,1E-35
66.45,1E-35,1E-35
66.55,1E-35,1E-35
66.65,1E-35,1E-35
66.75,1E-35,1E-35
66.85,1E-35,1E-35
66.95,1E-35,1E-35
67.05,1E-35,1E-35
67.15,1E-35,1E-35
67.25,1E-35,1E-35
67.35,1E-35,1E-35
67.45,1E-35,1E-35
67.55,1E-35,1E-35
67.65,1E-35,1E-35
67.75,1E-35,1E-35
67.85,1E-35,1E-35
67.95,1E-35,1E-35
68.05,1E-35,1E-35
68.15,1E-35,1E-35
68.25,1E-35,1E-35
68.35,1E-35,1E-35
68.45,1E-35,1E-35
68.55,1E-35,1E-35
68.65,1E-35,1E-35
68.75,1E-35,1E-35
68.85,1E-35,1E-35
68.95,1E-35,1E-35
69.05,1E-35,1E-35
69.15,1E-35,1E-35
69.25,1E-35,1E-35
69.35,1E-35,1E-35
69.45,1E-35,1E-35
69.55,1E-35,1E-35
69.65,1E-35,1E-35
69.75,1E-35,1E-35
69.85,1E-35,1E-35
69.95,1E-35,1E-35
70.05,1E-35,1E-35
70.15,1E-35,1E-35
70.25,1E-35,1E-35
70.35,1E-35,1E-35
70.45,1E-35,1E-35
70.55,1E-35,1E-35
70.65,1E-35,1E-35
70.75,1E-35,1E-35
70.85,1E-35,1E-35
70.95,1E-35,1E-35
71.05,1E-35,1E-35
71.15,1E-35,1E-35
71.25,1E-35,1E-35
71.35,1E-35,1E-35
71.45,1E-35,1E-35
71.55,1E-35,1E-35
71.65,1E-35,1E-35
71.75,1E-35,1E-35
71.85,1E-35,1E-35
71.95,1E-35,1E-35
72.05,1E-35,1E-35
72.15,1E-35,1E-35
72.25,1E-35,1E-35
72.35,1E-35,1E-35
72.45,1E-35,1E-35
72.55,1E-35,1E-35
72.65,1E-35,1E-35
72.75,1E-35,1E-35
72.85,1E-35,1E-35
72.95,1E-35,1E-35
73.05,1E-35,1E-35
73.15,1E-35,1E-35
73.25,1E-35,1E-35
73.35,1E-35,1E-35
73.45,1E-35,1E-35
73.55,1E-35,1E-35
73.65,1E-35,1E-35
73.75,1E-35,1E-35
73.85,1E-35,1E-35
73.95,1E-35,1E-35
74.05,1E-35,1E-35
74.15,1E-35,1E-35
74.25,1E-35,1E-35
74.35,1E-35,1E-35
74.45,1E-35,1E-35
74.55,1E-35,1E-35
74.65,1E-35,1E-35
74.75,1E-35,1E-35
74.85,1E-35,1E-35
74.95,1E-35,1E-35
75.05,1E-35,1E-35
75.15,1E-35,1E-35
75.25,1E-35,1E-35
75.35,1E-35,1E-35
75.45,1E-35,1E-35
75.55,1E-35,1E-35
75.65,1E-35,1E-35
75.75,1E-35,1E-35
75.85,1E-35,1E-35
75.95,1E-35,1E-35
76.05,1E-35,1E-35
76.15,1E-35,1E-35
76.25,1E-35,1E-35
76.35,1E-35,1E-35
76.45,1E-35,1E-35
76.55,1E-35,1E-35
76.65,1E-35,1E-35
76.75,1E-35,1E-35
76.85,1E-35,1E-35
76.95,1E-35,1E-35
77.05,1E-35,1E-35
77.15,1E-35,1E-35
77.25,1E-35,1E-35
77.35,1E-35,1E-35
77.45,1E-35,1E-35
77.55,1E-35,1E-35
77.65,1E-35,1E-35
77.75,1E-35,1E-35
77.85,1E-35,1E-35
77.95,1E-35,1E-35
78.05,1E-35,1E-35
78.15,1E-35,1E-35
78.25,1E-35,1E-35
78.35,1E-35,1E-35
78.45,1E-35,1E-35
78.55,1E-35,1E-35
78.65,1E-35,1E-35
78.75,1E-35,1E-35
78.85,1E-35,1E-35
78.95,1E-35,1E-35
79.05,1E-35,1E-35
79.15,1E-35,1E-35
79.25,1E-35,1E-35
79.35,1E-35,1E-35
79.45,1E-35,1E-35
79.55,1E-35,1E-35
79.65,1E-35,1E-35
79.75,1E-35,1E-35
79.85,1E-35,1E-35
79.95,1E-35,1E-35
80.05,1E-35,1E-35
80.15,1E-35,1E-35
80.25,1E-35,1E-35
80.35,1E-35,1E-35
80.45,1E-35,1E-35
80.55,1E-35,1E-35
80.65,1E-35,1E-35
80.75,1E-35,1E-35
80.85,1E-35,1E-35
80.95,1E-35,1E-35
81.05,1E-35,1E-35
81.15,1E-35,1E-35
81.25,1E-35,1E-35
81.35,1E-35,1E-35
81.45,1E-35,1E-35
81.55,1E-35,1E-35
81.65,1E-35,1E-35
81.75,1E-35,1E-35
81.85,1E-35,1E-35
81.95,1E-35,1E-35
82.05,1E-35,1E-35
82.15,1E-35,1E-35
82.25,1E-35,1E-35
82.35,1E-35,1E-35
82.45,1E-35,1E-35
82.55,1E-35,1E-35
82.65,1E-35,1E-35
82.75,1E-35,1E-35
82.85,1E-35,1E-35
82.95,1E-35,1E-35
83.05,1E-35,1E-35
83.15,1E-35,1E-35
83.25,1E-35,1E-35
83.35,1E-35,1E-35
83.45,1E-35,1E-35
83.55,1E-35,1E-35
83.65,1E-35,1E-35
83.75,1E-35,1E-35
83.85,1E-35,1E-35
83.95,1E-35,1E-35
84.05,1E-35,1E-35
84.15,1E-35,1E-35
84.25,1E-35,1E-35
84.35,1E-35,1E-35
84.45,1E-35,1E-35
84.55,1E-35,1E-35
84.65,1E-35,1E-35
84.75,1E-35,1E-35
84.85,1E-35,1E-35
84.95,1E-35,1E-35
85.05,1E-35,1E-35
85.15,1E-35,1E-35
85.25,1E-35,1E-35
85.35,1E-35,1E-35
85.45,1E-35,1E-35
85.55,1E-35,1E-35
85.65,1E-35,1E-35
85.75,1E-35,1E-35
85.85,1E-35,1E-35
85.95,1E-35,1E-35
86.05,1E-35,1E-35
86.15,1E-35,1E-35
86.25,1E-35,1E-35
86.35,1E-35,1E-35
86.45,1E-35,1E-35
86.55,1E-35,1E-35
86.65,1E-35,1E-35
86.75,1E-35,1E-35
86.85,1E-35,1E-35
86.95,1E-35,1E-35
87.05,1E-35,1E-35
87.15,1E-35,1E-35
87.25,1E-35,1E-35
87.35,1E-35,1E-35
87.45,1E-35,1E-35
87.55,1E-35,1E-35
87.65,1E-35,1E-35
87.75,1E-35,1E-35
87.85,1E-35,1E-35
87.95,1E-35,1E-35
88.05,1E-35,1E-35
88.15,1E-35,1E-35
88.25,1E-35,1E-35
88.35,1E-35,1E-35
88.45,1E-35,1E-35
88.55,1E-35,1E-35
88.65,1E-35,1E-35
88.75,1E-35,1E-35
88.85,1E-35,1E-35
88.95,1E-35,1E-35
89.05,1E-35,1E-35
89.15,1E-35,1E-35
89.25,1E-35,1E-35
89.35,1E-35,1E-35
89.45,1E-35,1E-35
89.55,1E-35,1E-35
89.65,1E-35,1E-35
89.75,1E-35,1E-35
89.85,1E-35,1E-35
89.95,1E-35,1E-35
90.05,1E-35,1E-35
90.15,1E-35,1E-35
90.25,1E-35,1E-35
90.35,1E-35,1E-35
90.45,1E-35,1E-35
90.55,1E-35,1E-35
90.65,1E-35,1E-35
90.75,1E-35,1E-35
90.85,1E-35,1E-35
90.95,1E-35,1E-35
91.05,1E-35,1E-35
91.15,1E-35,1E-35
91.25,1E-35,1E-35
91.35,1E-35,1E-35
91.45,1E-35,1E-35
91.55,1E-35,1E-35
91.65,1E-35,1E-35
91.75,1E-35,1E-35
91.85,1E-35,1E-35
91.95,1E-35,1E-35
92.05,1E-35,1E-35
92.15,1E-35,1E-35
92.25,1E-35,1E-35
92.35,1E-35,1E-35
92.45,1E-35,1E-35
92.55,1E-35,1E-35
92.65,1E-35,1E-35
92.75,1E-35,1E-35
92.85,1E-35,1E-35
92.95,1E-35,1E-35
93.05,1E-35,1E-35
93.15,1E-35,1E-35
93.25,1E-35,1E-35
93.35,1E-35,1E-35
93.45,1E-35,1E-35
93.55,1E-35,1E-35
93.65,1E-35,1E-35
93.75,1E-35,1E-35
93.85,1E-35,1E-35
93.95,1E-35,1E-35
94.05,1E-35,1E-35
94.15,1E-35,1E-35
94.25,1E-35,1E-35
94.35,1E-35,1E-35
94.45,1E-35,1E-35
94.55,1E-35,1E-35
94.65,1E-35,1E-35
94.75,1E-35,1E-35
94.85,1E-35,1E-35
94.95,1E-35,1E-35
95.05,1E-35,1E-35
95.15,1E-35,1E-35
95.25,1E-35,1E-35
95.35,1E-35,1E-35
95.45,1E-35,1E-35
95.55,1E-35,1E-35
95.65,1E-35,1E-35
95.75,1E-35,1E-35
95.85,1E-35,1E-35
95.95,1E-35,1E-35
96.05,1E-35,1E-35
96.15,1E-35,1E-35
96.25,1E-35,1E-35
96.35,1E-35,1E-35
96.45,1E-35,1E-35
96.55,1E-35,1E-35
96.65,1E-35,1E-35
96.75,1E-35,1E-35
96.85,1E-35,1E-35
96.95,1E-35,1E-35
97.05,1E-35,1E-35
97.15,1E-35,1E-35
97.25,1E-35,1E-35
97.35,1E-35,1E-35
97.45,1E-35,1E-35
97.55,1E-35,1E-35
97.65,1E-35,1E-35
97.75,1E-35,1E-35
97.85,1E-35,1E-35
97.95,1E-35,1E-35
98.05,1E-35,1E-35
98.15,1E-35,1E-35
98.25,1E-35,1E-35
98.35,1E-35,1E-35
98.45,1E-35,1E-35
98.55,1E-35,1E-35
98.65,1E-35,1E-35
98.75,1E-35,1E-35
98.85,1E-35,1E-35
98.95,1E-35,1E-35
99.05,1E-35,1E-35
99.15,1E-35,1E-35
99.25,1E-35,1E-35
99.35,1E-35,1E-35
99.45,1E-35,1E-35
99.55,1E-35,1E-35
99.65,1E-35,1E-35
99.75,1E-35,1E-35
99.85,1E-35,1E-35
99.95,1E-35,1E-35