1.000000e-35	1.000000e-35	1.000000e-35	1.000000e-35
1.000000e-35	1.000000e-35	1.000000e-35	1.000000e-35
1.000000e-35	1.000000e-35	1.000000e-35	1.000000e-35
1.000000e-35	1.000000e-35	1.000000e-35	1.000000e-35
1.000000e-35	1.000000e-35	1.000000e-35	1.000000e-35
1.000000e-35	1.000000e-35	1.000000e-35	1.000000e-35
1.000000e-35	1.000000e-35	1.000000e-35	1.000000e-35
1.000000e-35	1.000000e-35	1.000000e-35	1.000000e-35
1.000000e-35	1.000000e-35	1.000000e-35	1.000000e-35
1.000000e-35	1.000000e-35	1.000000e-35	1.000000e-35
1.157842e-12	1.197194e-12	1.236546e-12	1.275898e-12
1.823732e-12	1.952034e-12	2.080336e-12	2.208638e-12
6.242752e-12	6.673034e-12	7.103316e-12	7.533598e-12
1.830932e-10	2.047524e-10	2.264116e-10	2.480708e-10
1.217892e-10	1.303514e-10	1.389136e-10	1.474758e-10
3.170802e-10	3.408454e-10	3.646106e-10	3.883758e-10
9.846392e-10	1.065349e-09	1.146060e-09	1.226770e-09
3.164492e-08	3.521754e-08	3.879016e-08	4.236278e-08
2.007130e-08	2.145960e-08	2.284790e-08	2.423620e-08
2.335842e-09	2.458114e-09	2.580386e-09	2.702658e-09
7.744196e-09	8.298282e-09	8.852368e-09	9.406454e-09
4.148836e-09	4.396322e-09	4.643808e-09	4.891294e-09
5.013794e-09	5.300988e-09	5.588182e-09	5.875376e-09
9.074740e-09	9.709930e-09	1.034512e-08	1.098031e-08
6.501668e-09	6.918026e-09	7.334384e-09	7.750742e-09
7.269336e-09	7.747472e-09	8.225608e-09	8.703744e-09
7.832666e-09	8.357602e-09	8.882538e-09	9.407474e-09
8.964148e-09	9.584186e-09	1.020422e-08	1.082426e-08
9.005532e-09	9.653474e-09	1.030142e-08	1.094936e-08
9.506580e-09	1.020826e-08	1.090994e-08	1.161162e-08
9.965400e-09	1.074805e-08	1.153070e-08	1.231335e-08
1.033169e-08	1.116272e-08	1.199374e-08	1.282477e-08
1.062059e-08	1.151317e-08	1.240574e-08	1.329832e-08
1.084202e-08	1.176704e-08	1.269206e-08	1.361708e-08
1.103600e-08	1.200240e-08	1.296880e-08	1.393520e-08
1.112962e-08	1.214604e-08	1.316246e-08	1.417888e-08
1.121894e-08	1.225588e-08	1.329282e-08	1.432976e-08
1.125026e-08	1.231552e-08	1.338078e-08	1.444604e-08
1.126372e-08	1.236144e-08	1.345916e-08	1.455688e-08
1.122878e-08	1.236536e-08	1.350194e-08	1.463852e-08
1.119512e-08	1.233674e-08	1.347836e-08	1.461998e-08
1.109587e-08	1.226100e-08	1.342614e-08	1.459127e-08
1.101007e-08	1.219238e-08	1.337468e-08	1.455699e-08
1.087464e-08	1.205403e-08	1.323342e-08	1.441281e-08
1.075292e-08	1.194202e-08	1.313111e-08	1.432021e-08
1.060226e-08	1.179259e-08	1.298293e-08	1.417326e-08
1.042445e-08	1.163476e-08	1.284508e-08	1.405539e-08
1.028525e-08	1.147984e-08	1.267442e-08	1.386901e-08
1.010700e-08	1.129738e-08	1.248775e-08	1.367813e-08
9.936612e-09	1.112008e-08	1.230356e-08	1.348703e-08
9.764576e-09	1.095433e-08	1.214409e-08	1.333384e-08
9.566360e-09	1.077297e-08	1.197958e-08	1.318619e-08
9.377584e-09	1.056709e-08	1.175659e-08	1.294610e-08
9.166908e-09	1.033051e-08	1.149410e-08	1.265770e-08
8.982604e-09	1.015423e-08	1.132585e-08	1.249748e-08
8.820776e-09	9.991682e-09	1.116259e-08	1.233349e-08
8.600360e-09	9.768420e-09	1.093648e-08	1.210454e-08
8.453016e-09	9.610712e-09	1.076841e-08	1.192610e-08
8.236364e-09	9.385798e-09	1.053523e-08	1.168467e-08
8.050504e-09	9.190978e-09	1.033145e-08	1.147193e-08
7.861956e-09	9.005992e-09	1.015003e-08	1.129406e-08
7.691076e-09	8.819982e-09	9.948888e-09	1.107779e-08
7.499956e-09	8.618492e-09	9.737028e-09	1.085556e-08
7.311276e-09	8.419832e-09	9.528388e-09	1.063694e-08
7.138712e-09	8.257084e-09	9.375456e-09	1.049383e-08
6.943496e-09	8.044122e-09	9.144748e-09	1.024537e-08
6.748000e-09	7.831450e-09	8.914900e-09	9.998350e-09
6.637320e-09	7.714640e-09	8.791960e-09	9.869280e-09
6.424416e-09	7.503812e-09	8.583208e-09	9.662604e-09
6.274776e-09	7.341882e-09	8.408988e-09	9.476094e-09
6.114612e-09	7.174584e-09	8.234556e-09	9.294528e-09
5.924540e-09	6.977130e-09	8.029720e-09	9.082310e-09
5.779250e-09	6.823810e-09	7.868370e-09	8.912930e-09
6.805664e-09	9.037798e-09	1.126993e-08	1.350207e-08
5.429916e-09	6.466242e-09	7.502568e-09	8.538894e-09
5.261850e-09	6.286160e-09	7.310470e-09	8.334780e-09
5.130398e-09	6.151336e-09	7.172274e-09	8.193212e-09
4.956910e-09	5.981700e-09	7.006490e-09	8.031280e-09
4.792964e-09	5.809848e-09	6.826732e-09	7.843616e-09
4.668174e-09	5.692078e-09	6.715982e-09	7.739886e-09
4.500560e-09	5.507660e-09	6.514760e-09	7.521860e-09
4.356518e-09	5.368376e-09	6.380234e-09	7.392092e-09
4.208630e-09	5.223680e-09	6.238730e-09	7.253780e-09
2.454925e-08	4.603219e-08	6.751512e-08	8.899806e-08
3.900292e-09	4.894424e-09	5.888556e-09	6.882688e-09
3.759904e-09	4.756048e-09	5.752192e-09	6.748336e-09
3.605646e-09	4.595532e-09	5.585418e-09	6.575304e-09
3.589344e-09	4.709478e-09	5.829612e-09	6.949746e-09
3.307924e-09	4.291928e-09	5.275932e-09	6.259936e-09
3.165814e-09	4.148228e-09	5.130642e-09	6.113056e-09
2.988796e-09	3.981732e-09	4.974668e-09	5.967604e-09
2.838716e-09	3.831532e-09	4.824348e-09	5.817164e-09
2.695548e-09	3.706516e-09	4.717484e-09	5.728452e-09
2.526894e-09	3.534678e-09	4.542462e-09	5.550246e-09
2.371720e-09	3.387000e-09	4.402280e-09	5.417560e-09
2.450338e-09	3.713416e-09	4.976494e-09	6.239572e-09
7.393570e-09	1.378988e-08	2.018618e-08	2.658249e-08
1.827156e-09	2.877160e-09	3.927163e-09	4.977167e-09
1.982372e-09	3.343511e-09	4.704651e-09	6.065790e-09
5.160290e-09	9.831318e-09	1.450235e-08	1.917337e-08
1.290794e-09	2.331461e-09	3.372129e-09	4.412796e-09
1.186727e-09	2.227395e-09	3.268062e-09	4.308729e-09
1.082661e-09	2.123328e-09	3.163995e-09	4.204663e-09
9.785938e-10	2.019261e-09	3.059928e-09	4.100596e-09
8.745271e-10	1.915194e-09	2.955862e-09	3.996529e-09
7.704604e-10	1.811128e-09	2.851795e-09	3.892462e-09
6.663936e-10	1.707061e-09	2.747728e-09	3.788396e-09
5.623269e-10	1.602994e-09	2.643662e-09	3.684329e-09
4.582602e-10	1.498928e-09	2.539595e-09	3.580262e-09
3.541934e-10	1.394861e-09	2.435528e-09	3.476195e-09
1.000000e-35	1.290794e-09	2.331461e-09	3.372129e-09
1.000000e-35	1.186727e-09	2.227395e-09	3.268062e-09
1.000000e-35	1.082661e-09	2.123328e-09	3.163995e-09
1.000000e-35	9.785938e-10	2.019261e-09	3.059928e-09
1.000000e-35	8.745271e-10	1.915194e-09	2.955862e-09
1.000000e-35	7.704604e-10	1.811128e-09	2.851795e-09
1.000000e-35	6.663936e-10	1.707061e-09	2.747728e-09
1.000000e-35	5.623269e-10	1.602994e-09	2.643662e-09
1.000000e-35	4.582602e-10	1.498928e-09	2.539595e-09
1.000000e-35	3.541934e-10	1.394861e-09	2.435528e-09
1.000000e-35	1.000000e-35	1.290794e-09	2.331461e-09
1.000000e-35	1.000000e-35	1.186727e-09	2.227395e-09
1.000000e-35	1.000000e-35	1.082661e-09	2.123328e-09
1.000000e-35	1.000000e-35	9.785938e-10	2.019261e-09
1.000000e-35	1.000000e-35	8.745271e-10	1.915194e-09
1.000000e-35	1.000000e-35	7.704604e-10	1.811128e-09
1.000000e-35	1.000000e-35	6.663936e-10	1.707061e-09
1.000000e-35	1.000000e-35	5.623269e-10	1.602994e-09
1.000000e-35	1.000000e-35	4.582602e-10	1.498928e-09
1.000000e-35	1.000000e-35	3.541934e-10	1.394861e-09
1.000000e-35	1.000000e-35	1.000000e-35	1.290794e-09
1.000000e-35	1.000000e-35	1.000000e-35	1.186727e-09
1.000000e-35	1.000000e-35	1.000000e-35	1.082661e-09
1.000000e-35	1.000000e-35	1.000000e-35	9.785938e-10
1.000000e-35	1.000000e-35	1.000000e-35	8.745271e-10
1.000000e-35	1.000000e-35	1.000000e-35	7.704604e-10
1.000000e-35	1.000000e-35	1.000000e-35	6.663936e-10
1.000000e-35	1.000000e-35	1.000000e-35	5.623269e-10
1.000000e-35	1.000000e-35	1.000000e-35	4.582602e-10
1.000000e-35	1.000000e-35	1.000000e-35	3.541934e-10
1.000000e-35	1.000000e-35	1.000000e-35	1.000000e-35
1.000000e-35	1.000000e-35	1.000000e-35	1.000000e-35
1.000000e-35	1.000000e-35	1.000000e-35	1.000000e-35
1.000000e-35	1.000000e-35	1.000000e-35	1.000000e-35
1.000000e-35	1.000000e-35	1.000000e-35	1.000000e-35
1.000000e-35	1.000000e-35	1.000000e-35	1.000000e-35
1.000000e-35	1.000000e-35	1.000000e-35	1.000000e-35
1.000000e-35	1.000000e-35	1.000000e-35	1.000000e-35
1.000000e-35	1.000000e-35	1.000000e-35	1.000000e-35
1.000000e-35	1.000000e-35	1.000000e-35	1.000000e-35
