1.000000e-35	1.000000e-35	1.000000e-35	1.000000e-35
1.000000e-35	1.000000e-35	1.000000e-35	1.000000e-35
1.000000e-35	1.000000e-35	1.000000e-35	1.000000e-35
1.000000e-35	1.000000e-35	1.000000e-35	1.000000e-35
1.000000e-35	1.000000e-35	1.000000e-35	1.000000e-35
1.000000e-35	1.000000e-35	1.000000e-35	1.000000e-35
1.000000e-35	1.000000e-35	1.000000e-35	1.000000e-35
1.000000e-35	1.000000e-35	1.000000e-35	1.000000e-35
1.000000e-35	1.000000e-35	1.000000e-35	1.000000e-35
1.000000e-35	1.000000e-35	1.000000e-35	1.000000e-35
1.979690e-12	1.813580e-12	1.647470e-12	1.481360e-12
2.452580e-12	2.423670e-12	2.394760e-12	2.365850e-12
9.295120e-12	8.962310e-12	8.629500e-12	8.296690e-12
3.315532e-10	3.160974e-10	3.006416e-10	2.851858e-10
1.941284e-10	1.846058e-10	1.750832e-10	1.655606e-10
4.782034e-10	4.616878e-10	4.451722e-10	4.286566e-10
1.641008e-09	1.557626e-09	1.474244e-09	1.390862e-09
5.510108e-08	5.280966e-08	5.051824e-08	4.822682e-08
2.877754e-08	2.798928e-08	2.720102e-08	2.641276e-08
3.058258e-09	2.999926e-09	2.941594e-09	2.883262e-09
1.087267e-08	1.064464e-08	1.041660e-08	1.018857e-08
5.592828e-09	5.479316e-09	5.365804e-09	5.252292e-09
6.742690e-09	6.597660e-09	6.452630e-09	6.307600e-09
1.318222e-08	1.279054e-08	1.239886e-08	1.200718e-08
9.066788e-09	8.841866e-09	8.616944e-09	8.392022e-09
1.032414e-08	1.003857e-08	9.753008e-09	9.467444e-09
1.118488e-08	1.087176e-08	1.055865e-08	1.024553e-08
1.311246e-08	1.269542e-08	1.227838e-08	1.186134e-08
1.326706e-08	1.284962e-08	1.243218e-08	1.201474e-08
1.420866e-08	1.373482e-08	1.326098e-08	1.278714e-08
1.516536e-08	1.464802e-08	1.413068e-08	1.361334e-08
1.595228e-08	1.537816e-08	1.480404e-08	1.422992e-08
1.669634e-08	1.606998e-08	1.544362e-08	1.481726e-08
1.727674e-08	1.659308e-08	1.590942e-08	1.522576e-08
1.775160e-08	1.703910e-08	1.632660e-08	1.561410e-08
1.830698e-08	1.752906e-08	1.675114e-08	1.597322e-08
1.861206e-08	1.780072e-08	1.698938e-08	1.617804e-08
1.891402e-08	1.806334e-08	1.721266e-08	1.636198e-08
1.910796e-08	1.824462e-08	1.738128e-08	1.651794e-08
1.933950e-08	1.844840e-08	1.755730e-08	1.666620e-08
1.938200e-08	1.847690e-08	1.757180e-08	1.666670e-08
1.948808e-08	1.855516e-08	1.762224e-08	1.668932e-08
1.960242e-08	1.863664e-08	1.767086e-08	1.670508e-08
1.953956e-08	1.855272e-08	1.756588e-08	1.657904e-08
1.951394e-08	1.851278e-08	1.751162e-08	1.651046e-08
1.942872e-08	1.841244e-08	1.739616e-08	1.637988e-08
1.934074e-08	1.832198e-08	1.730322e-08	1.628446e-08
1.923784e-08	1.819428e-08	1.715072e-08	1.610716e-08
1.904282e-08	1.799924e-08	1.695566e-08	1.591208e-08
1.886178e-08	1.781396e-08	1.676614e-08	1.571832e-08
1.875352e-08	1.769604e-08	1.663856e-08	1.558108e-08
1.854704e-08	1.750848e-08	1.646992e-08	1.543136e-08
1.840504e-08	1.733768e-08	1.627032e-08	1.520296e-08
1.815322e-08	1.707024e-08	1.598726e-08	1.490428e-08
1.792254e-08	1.685918e-08	1.579582e-08	1.473246e-08
1.766592e-08	1.662554e-08	1.558516e-08	1.454478e-08
1.749556e-08	1.643982e-08	1.538408e-08	1.432834e-08
1.724852e-08	1.620734e-08	1.516616e-08	1.412498e-08
1.697946e-08	1.594312e-08	1.490678e-08	1.387044e-08
1.678232e-08	1.573984e-08	1.469736e-08	1.365488e-08
1.658850e-08	1.555090e-08	1.451330e-08	1.347570e-08
1.632638e-08	1.529646e-08	1.426654e-08	1.323662e-08
1.601930e-08	1.500800e-08	1.399670e-08	1.298540e-08
1.581486e-08	1.479752e-08	1.378018e-08	1.276284e-08
1.555868e-08	1.457206e-08	1.358544e-08	1.259882e-08
1.537840e-08	1.437030e-08	1.336220e-08	1.235410e-08
1.510356e-08	1.409812e-08	1.309268e-08	1.208724e-08
1.486164e-08	1.388288e-08	1.290412e-08	1.192536e-08
1.471608e-08	1.372256e-08	1.272904e-08	1.173552e-08
1.446984e-08	1.348818e-08	1.250652e-08	1.152486e-08
1.425138e-08	1.327716e-08	1.230294e-08	1.132872e-08
1.405362e-08	1.307394e-08	1.209426e-08	1.111458e-08
1.379238e-08	1.283366e-08	1.187493e-08	1.091621e-08
2.867236e-08	2.543782e-08	2.220328e-08	1.896874e-08
1.331368e-08	1.237907e-08	1.144445e-08	1.050984e-08
1.319430e-08	1.223550e-08	1.127669e-08	1.031789e-08
1.308219e-08	1.211518e-08	1.114817e-08	1.018116e-08
1.271129e-08	1.179749e-08	1.088368e-08	9.969876e-09
1.246154e-08	1.156128e-08	1.066102e-08	9.760760e-09
1.242252e-08	1.150784e-08	1.059315e-08	9.678472e-09
1.208299e-08	1.119448e-08	1.030598e-08	9.417468e-09
1.196287e-08	1.107314e-08	1.018341e-08	9.293680e-09
1.179969e-08	1.091697e-08	1.003426e-08	9.151544e-09
2.699642e-07	2.300934e-07	1.902226e-07	1.503518e-07
1.136224e-08	1.049089e-08	9.619532e-09	8.748176e-09
1.119026e-08	1.032881e-08	9.467368e-09	8.605924e-09
1.095912e-08	1.011064e-08	9.262154e-09	8.413672e-09
1.289894e-08	1.169167e-08	1.048441e-08	9.277144e-09
1.058903e-08	9.752756e-09	8.916484e-09	8.080212e-09
1.044373e-08	9.606668e-09	8.769602e-09	7.932536e-09
1.021587e-08	9.402036e-09	8.588204e-09	7.774372e-09
1.012440e-08	9.295792e-09	8.467188e-09	7.638584e-09
1.003300e-08	9.209608e-09	8.386212e-09	7.562816e-09
9.791286e-09	8.982972e-09	8.174658e-09	7.366344e-09
9.672088e-09	8.862276e-09	8.052464e-09	7.242652e-09
1.387261e-08	1.228012e-08	1.068763e-08	9.095140e-09
9.738216e-08	8.128132e-08	6.518048e-08	4.907964e-08
9.126378e-09	8.351576e-09	7.576774e-09	6.801972e-09
1.480843e-08	1.296305e-08	1.111768e-08	9.272304e-09
5.566824e-08	4.771228e-08	3.975632e-08	3.180036e-08
8.711444e-09	7.943198e-09	7.174952e-09	6.406706e-09
1.064256e-08	9.559824e-09	8.477086e-09	7.394348e-09
8.407724e-09	7.638598e-09	6.869472e-09	6.100346e-09
7.957740e-09	7.258940e-09	6.560140e-09	5.861340e-09
7.811106e-09	7.117972e-09	6.424838e-09	5.731704e-09
7.707110e-09	7.018250e-09	6.329390e-09	5.640530e-09
7.619338e-09	6.920136e-09	6.220934e-09	5.521732e-09
7.461964e-09	6.777588e-09	6.093212e-09	5.408836e-09
7.317228e-09	6.642446e-09	5.967664e-09	5.292882e-09
7.746958e-09	6.976076e-09	6.205194e-09	5.434312e-09
7.076754e-09	6.408808e-09	5.740862e-09	5.072916e-09
7.042290e-09	6.359060e-09	5.675830e-09	4.992600e-09
6.891180e-09	6.214860e-09	5.538540e-09	4.862220e-09
2.230805e-08	1.899389e-08	1.567974e-08	1.236558e-08
6.781778e-09	6.083506e-09	5.385234e-09	4.686962e-09
8.168064e-09	7.183908e-09	6.199752e-09	5.215596e-09
7.759428e-09	6.852816e-09	5.946204e-09	5.039592e-09
6.261062e-09	5.610874e-09	4.960686e-09	4.310498e-09
6.202636e-09	5.542842e-09	4.883048e-09	4.223254e-09
6.033172e-09	5.386094e-09	4.739016e-09	4.091938e-09
6.305156e-09	5.588452e-09	4.871748e-09	4.155044e-09
5.749988e-09	5.124676e-09	4.499364e-09	3.874052e-09
5.701644e-09	5.061408e-09	4.421172e-09	3.780936e-09
5.618346e-09	4.977002e-09	4.335658e-09	3.694314e-09
5.512302e-09	4.874744e-09	4.237186e-09	3.599628e-09
5.417180e-09	4.776520e-09	4.135860e-09	3.495200e-09
5.292924e-09	4.660968e-09	4.029012e-09	3.397056e-09
5.235466e-09	4.598042e-09	3.960618e-09	3.323194e-09
5.137380e-09	4.496610e-09	3.855840e-09	3.215070e-09
5.072102e-09	4.423924e-09	3.775746e-09	3.127568e-09
4.986322e-09	4.341644e-09	3.696966e-09	3.052288e-09
4.921164e-09	4.265778e-09	3.610392e-09	2.955006e-09
4.770760e-09	4.131750e-09	3.492740e-09	2.853730e-09
4.687282e-09	4.041464e-09	3.395646e-09	2.749828e-09
4.601610e-09	3.955230e-09	3.308850e-09	2.662470e-09
4.505626e-09	3.854282e-09	3.202938e-09	2.551594e-09
4.415636e-09	3.765002e-09	3.114368e-09	2.463734e-09
4.340926e-09	3.683582e-09	3.026238e-09	2.368894e-09
4.224662e-09	3.570174e-09	2.915686e-09	2.261198e-09
4.181110e-09	3.511960e-09	2.842810e-09	2.173660e-09
4.062950e-09	3.397810e-09	2.732670e-09	2.067530e-09
3.966388e-09	3.302336e-09	2.638284e-09	1.974232e-09
3.914474e-09	3.230358e-09	2.546242e-09	1.862126e-09
3.792056e-09	3.114322e-09	2.436588e-09	1.758854e-09
3.750340e-09	3.050089e-09	2.349839e-09	1.649588e-09
3.596304e-09	2.907538e-09	2.218772e-09	1.530006e-09
3.530425e-09	2.818870e-09	2.107316e-09	1.395761e-09
3.450135e-09	2.727590e-09	2.005045e-09	1.282500e-09
3.368783e-09	2.639216e-09	1.909649e-09	1.180082e-09
3.288253e-09	2.550216e-09	1.812178e-09	1.074141e-09
3.219556e-09	2.479098e-09	1.738639e-09	9.981808e-10
3.145510e-09	2.405052e-09	1.664593e-09	9.241350e-10
3.071465e-09	2.331006e-09	1.590548e-09	8.500891e-10
2.997419e-09	2.256960e-09	1.516502e-09	7.760433e-10
2.923373e-09	2.182914e-09	1.442456e-09	7.019974e-10
2.849327e-09	2.108869e-09	1.368410e-09	6.279516e-10
2.775281e-09	2.034823e-09	1.294364e-09	5.539057e-10
2.701235e-09	1.960777e-09	1.220318e-09	4.798599e-10
2.627189e-09	1.886731e-09	1.146273e-09	4.058140e-10
2.553144e-09	1.812685e-09	1.072227e-09	3.317682e-10
2.479098e-09	1.738639e-09	9.981808e-10	2.577224e-10
2.405052e-09	1.664593e-09	9.241350e-10	1.000000e-35
2.331006e-09	1.590548e-09	8.500891e-10	1.000000e-35
2.256960e-09	1.516502e-09	7.760433e-10	1.000000e-35
2.182914e-09	1.442456e-09	7.019974e-10	1.000000e-35
2.108869e-09	1.368410e-09	6.279516e-10	1.000000e-35
2.034823e-09	1.294364e-09	5.539057e-10	1.000000e-35
1.960777e-09	1.220318e-09	4.798599e-10	1.000000e-35
1.886731e-09	1.146273e-09	4.058140e-10	1.000000e-35
1.812685e-09	1.072227e-09	3.317682e-10	1.000000e-35
1.738639e-09	9.981808e-10	2.577224e-10	1.000000e-35
1.664593e-09	9.241350e-10	1.000000e-35	1.000000e-35
1.590548e-09	8.500891e-10	1.000000e-35	1.000000e-35
1.516502e-09	7.760433e-10	1.000000e-35	1.000000e-35
1.442456e-09	7.019974e-10	1.000000e-35	1.000000e-35
1.368410e-09	6.279516e-10	1.000000e-35	1.000000e-35
1.294364e-09	5.539057e-10	1.000000e-35	1.000000e-35
1.220318e-09	4.798599e-10	1.000000e-35	1.000000e-35
1.146273e-09	4.058140e-10	1.000000e-35	1.000000e-35
1.072227e-09	3.317682e-10	1.000000e-35	1.000000e-35
9.981808e-10	2.577224e-10	1.000000e-35	1.000000e-35
9.241350e-10	1.000000e-35	1.000000e-35	1.000000e-35
8.500891e-10	1.000000e-35	1.000000e-35	1.000000e-35
7.760433e-10	1.000000e-35	1.000000e-35	1.000000e-35
7.019974e-10	1.000000e-35	1.000000e-35	1.000000e-35
6.279516e-10	1.000000e-35	1.000000e-35	1.000000e-35
5.539057e-10	1.000000e-35	1.000000e-35	1.000000e-35
4.798599e-10	1.000000e-35	1.000000e-35	1.000000e-35
4.058140e-10	1.000000e-35	1.000000e-35	1.000000e-35
3.317682e-10	1.000000e-35	1.000000e-35	1.000000e-35
2.577224e-10	1.000000e-35	1.000000e-35	1.000000e-35
1.000000e-35	1.000000e-35	1.000000e-35	1.000000e-35
1.000000e-35	1.000000e-35	1.000000e-35	1.000000e-35
1.000000e-35	1.000000e-35	1.000000e-35	1.000000e-35
1.000000e-35	1.000000e-35	1.000000e-35	1.000000e-35
1.000000e-35	1.000000e-35	1.000000e-35	1.000000e-35
1.000000e-35	1.000000e-35	1.000000e-35	1.000000e-35
1.000000e-35	1.000000e-35	1.000000e-35	1.000000e-35
1.000000e-35	1.000000e-35	1.000000e-35	1.000000e-35
1.000000e-35	1.000000e-35	1.000000e-35	1.000000e-35
