1.000000e-35	1.000000e-35	1.000000e-35	1.000000e-35
1.000000e-35	1.000000e-35	1.000000e-35	1.000000e-35
1.000000e-35	1.000000e-35	1.000000e-35	1.000000e-35
1.000000e-35	1.000000e-35	1.000000e-35	1.000000e-35
1.000000e-35	1.000000e-35	1.000000e-35	1.000000e-35
1.000000e-35	1.000000e-35	1.000000e-35	1.000000e-35
1.000000e-35	1.000000e-35	1.000000e-35	1.000000e-35
1.000000e-35	1.000000e-35	1.000000e-35	1.000000e-35
1.000000e-35	1.000000e-35	1.000000e-35	1.000000e-35
1.000000e-35	1.000000e-35	1.000000e-35	1.000000e-35
2.333216e-12	2.478922e-12	2.624628e-12	2.770334e-12
3.912624e-12	3.418558e-12	2.924492e-12	2.430426e-12
1.111229e-11	1.057988e-11	1.004748e-11	9.515068e-12
3.848056e-10	3.691652e-10	3.535248e-10	3.378844e-10
2.239414e-10	2.178758e-10	2.118102e-10	2.057446e-10
5.920456e-10	5.812012e-10	5.703568e-10	5.595124e-10
2.013362e-09	2.038464e-09	2.063566e-09	2.088668e-09
7.412194e-08	7.284988e-08	7.157782e-08	7.030576e-08
3.049198e-08	3.043826e-08	3.038454e-08	3.033082e-08
3.221148e-09	3.230466e-09	3.239784e-09	3.249102e-09
1.115032e-08	1.131274e-08	1.147516e-08	1.163758e-08
6.101954e-09	6.075868e-09	6.049782e-09	6.023696e-09
7.440360e-09	7.410800e-09	7.381240e-09	7.351680e-09
1.464692e-08	1.451274e-08	1.437856e-08	1.424438e-08
1.010278e-08	1.001667e-08	9.930552e-09	9.844436e-09
1.172802e-08	1.165894e-08	1.158986e-08	1.152078e-08
1.275012e-08	1.265414e-08	1.255816e-08	1.246218e-08
1.527786e-08	1.517132e-08	1.506478e-08	1.495824e-08
1.545292e-08	1.531984e-08	1.518676e-08	1.505368e-08
1.683070e-08	1.665530e-08	1.647990e-08	1.630450e-08
1.815792e-08	1.796214e-08	1.776636e-08	1.757058e-08
1.947718e-08	1.924636e-08	1.901554e-08	1.878472e-08
2.059020e-08	2.029640e-08	2.000260e-08	1.970880e-08
2.155280e-08	2.124180e-08	2.093080e-08	2.061980e-08
2.243434e-08	2.208368e-08	2.173302e-08	2.138236e-08
2.324910e-08	2.289050e-08	2.253190e-08	2.217330e-08
2.414702e-08	2.368934e-08	2.323166e-08	2.277398e-08
2.464278e-08	2.423846e-08	2.383414e-08	2.342982e-08
2.523806e-08	2.473092e-08	2.422378e-08	2.371664e-08
2.572888e-08	2.521806e-08	2.470724e-08	2.419642e-08
2.604706e-08	2.553332e-08	2.501958e-08	2.450584e-08
2.650386e-08	2.592392e-08	2.534398e-08	2.476404e-08
2.682862e-08	2.623524e-08	2.564186e-08	2.504848e-08
2.708598e-08	2.644046e-08	2.579494e-08	2.514942e-08
2.716336e-08	2.653112e-08	2.589888e-08	2.526664e-08
2.741712e-08	2.671514e-08	2.601316e-08	2.531118e-08
2.740748e-08	2.673626e-08	2.606504e-08	2.539382e-08
2.742644e-08	2.672148e-08	2.601652e-08	2.531156e-08
2.743332e-08	2.670634e-08	2.597936e-08	2.525238e-08
2.744186e-08	2.668802e-08	2.593418e-08	2.518034e-08
2.757128e-08	2.677746e-08	2.598364e-08	2.518982e-08
2.733778e-08	2.655516e-08	2.577254e-08	2.498992e-08
2.722202e-08	2.644924e-08	2.567646e-08	2.490368e-08
2.711972e-08	2.631074e-08	2.550176e-08	2.469278e-08
2.688662e-08	2.607004e-08	2.525346e-08	2.443688e-08
2.683436e-08	2.599592e-08	2.515748e-08	2.431904e-08
2.658562e-08	2.577394e-08	2.496226e-08	2.415058e-08
2.648098e-08	2.563326e-08	2.478554e-08	2.393782e-08
2.617962e-08	2.536024e-08	2.454086e-08	2.372148e-08
2.585726e-08	2.503772e-08	2.421818e-08	2.339864e-08
2.573338e-08	2.489776e-08	2.406214e-08	2.322652e-08
2.553302e-08	2.469814e-08	2.386326e-08	2.302838e-08
2.535704e-08	2.444888e-08	2.354072e-08	2.263256e-08
2.497058e-08	2.413246e-08	2.329434e-08	2.245622e-08
2.474876e-08	2.386662e-08	2.298448e-08	2.210234e-08
2.455864e-08	2.370208e-08	2.284552e-08	2.198896e-08
2.431472e-08	2.342914e-08	2.254356e-08	2.165798e-08
2.396284e-08	2.312288e-08	2.228292e-08	2.144296e-08
2.363668e-08	2.279886e-08	2.196104e-08	2.112322e-08
2.340600e-08	2.256070e-08	2.171540e-08	2.087010e-08
2.316770e-08	2.231880e-08	2.146990e-08	2.062100e-08
2.286970e-08	2.202420e-08	2.117870e-08	2.033320e-08
2.266188e-08	2.180296e-08	2.094404e-08	2.008512e-08
6.453828e-08	6.113526e-08	5.773224e-08	5.432922e-08
2.210462e-08	2.126694e-08	2.042926e-08	1.959158e-08
2.170146e-08	2.089682e-08	2.009218e-08	1.928754e-08
2.200712e-08	2.112894e-08	2.025076e-08	1.937258e-08
2.132726e-08	2.050952e-08	1.969178e-08	1.887404e-08
2.104124e-08	2.021918e-08	1.939712e-08	1.857506e-08
2.110314e-08	2.027898e-08	1.945482e-08	1.863066e-08
2.049906e-08	1.971122e-08	1.892338e-08	1.813554e-08
2.034056e-08	1.953452e-08	1.872848e-08	1.792244e-08
2.020918e-08	1.941206e-08	1.861494e-08	1.781782e-08
7.537168e-07	7.022296e-07	6.507424e-07	5.992552e-07
1.955968e-08	1.874966e-08	1.793964e-08	1.712962e-08
1.926854e-08	1.850648e-08	1.774442e-08	1.698236e-08
1.898254e-08	1.819638e-08	1.741022e-08	1.662406e-08
2.613842e-08	2.486084e-08	2.358326e-08	2.230568e-08
1.853736e-08	1.775192e-08	1.696648e-08	1.618104e-08
1.844298e-08	1.766896e-08	1.689494e-08	1.612092e-08
1.811490e-08	1.734370e-08	1.657250e-08	1.580130e-08
1.780886e-08	1.705352e-08	1.629818e-08	1.554284e-08
1.783620e-08	1.706100e-08	1.628580e-08	1.551060e-08
1.737898e-08	1.666156e-08	1.594414e-08	1.522672e-08
1.737086e-08	1.660482e-08	1.583878e-08	1.507274e-08
3.342860e-08	3.135430e-08	2.928000e-08	2.720570e-08
3.042490e-07	2.816620e-07	2.590750e-07	2.364880e-07
1.667000e-08	1.596030e-08	1.525060e-08	1.454090e-08
3.695930e-08	3.463770e-08	3.231610e-08	2.999450e-08
1.530228e-07	1.424336e-07	1.318444e-07	1.212552e-07
1.593262e-08	1.522664e-08	1.452066e-08	1.381468e-08
2.131006e-08	2.027542e-08	1.924078e-08	1.820614e-08
1.549390e-08	1.480550e-08	1.411710e-08	1.342870e-08
1.426106e-08	1.365842e-08	1.305578e-08	1.245314e-08
1.391918e-08	1.337036e-08	1.282154e-08	1.227272e-08
1.392826e-08	1.332172e-08	1.271518e-08	1.210864e-08
1.368376e-08	1.311492e-08	1.254608e-08	1.197724e-08
1.362772e-08	1.302134e-08	1.241496e-08	1.180858e-08
1.344278e-08	1.286396e-08	1.228514e-08	1.170632e-08
1.497058e-08	1.434916e-08	1.372774e-08	1.310632e-08
1.315316e-08	1.257072e-08	1.198828e-08	1.140584e-08
1.314276e-08	1.254342e-08	1.194408e-08	1.134474e-08
1.289280e-08	1.232380e-08	1.175480e-08	1.118580e-08
6.263446e-08	5.823122e-08	5.382798e-08	4.942474e-08
1.307968e-08	1.245556e-08	1.183144e-08	1.120732e-08
1.773734e-08	1.679748e-08	1.585762e-08	1.491776e-08
1.683190e-08	1.596300e-08	1.509410e-08	1.422520e-08
1.185521e-08	1.130732e-08	1.075942e-08	1.021153e-08
1.188886e-08	1.135351e-08	1.081817e-08	1.028282e-08
1.151110e-08	1.098360e-08	1.045610e-08	9.928600e-09
1.287616e-08	1.220092e-08	1.152568e-08	1.085044e-08
1.111778e-08	1.060766e-08	1.009755e-08	9.587428e-09
1.108035e-08	1.057811e-08	1.007586e-08	9.573616e-09
1.087059e-08	1.039539e-08	9.920182e-09	9.444976e-09
1.088372e-08	1.037184e-08	9.859960e-09	9.348080e-09
1.066832e-08	1.017174e-08	9.675154e-09	9.178572e-09
1.061079e-08	1.010738e-08	9.603970e-09	9.100560e-09
1.051309e-08	9.992180e-09	9.471270e-09	8.950360e-09
1.042134e-08	9.928080e-09	9.434820e-09	8.941560e-09
1.023593e-08	9.774364e-09	9.312796e-09	8.851228e-09
1.006688e-08	9.607964e-09	9.149046e-09	8.690128e-09
1.000554e-08	9.537884e-09	9.070226e-09	8.602568e-09
9.992176e-09	9.519752e-09	9.047328e-09	8.574904e-09
9.913102e-09	9.420004e-09	8.926906e-09	8.433808e-09
9.668712e-09	9.213824e-09	8.758936e-09	8.304048e-09
9.611764e-09	9.142428e-09	8.673092e-09	8.203756e-09
9.492126e-09	9.034172e-09	8.576218e-09	8.118264e-09
9.472486e-09	8.997362e-09	8.522238e-09	8.047114e-09
9.405972e-09	8.918354e-09	8.430736e-09	7.943118e-09
9.283802e-09	8.803104e-09	8.322406e-09	7.841708e-09
9.149190e-09	8.689430e-09	8.229670e-09	7.769910e-09
9.076610e-09	8.611620e-09	8.146630e-09	7.681640e-09
8.840356e-09	8.390922e-09	7.941488e-09	7.492054e-09
8.840984e-09	8.394648e-09	7.948312e-09	7.501976e-09
8.834146e-09	8.363402e-09	7.892658e-09	7.421914e-09
8.708860e-09	8.252340e-09	7.795820e-09	7.339300e-09
8.606018e-09	8.150076e-09	7.694134e-09	7.238192e-09
8.471240e-09	8.017080e-09	7.562920e-09	7.108760e-09
8.378722e-09	7.938154e-09	7.497586e-09	7.057018e-09
8.292822e-09	7.830594e-09	7.368366e-09	6.906138e-09
8.199096e-09	7.753562e-09	7.308028e-09	6.862494e-09
8.133908e-09	7.691056e-09	7.248204e-09	6.805352e-09
8.069504e-09	7.621548e-09	7.173592e-09	6.725636e-09
7.918422e-09	7.481314e-09	7.044206e-09	6.607098e-09
7.865880e-09	7.433300e-09	7.000720e-09	6.568140e-09
7.761352e-09	7.337564e-09	6.913776e-09	6.489988e-09
7.692056e-09	7.251352e-09	6.810648e-09	6.369944e-09
7.605212e-09	7.169944e-09	6.734676e-09	6.299408e-09
7.599452e-09	7.145144e-09	6.690836e-09	6.236528e-09
7.461532e-09	7.037654e-09	6.613776e-09	6.189898e-09
7.421532e-09	6.966544e-09	6.511556e-09	6.056568e-09
7.313080e-09	6.876830e-09	6.440580e-09	6.004330e-09
7.233564e-09	6.801038e-09	6.368512e-09	5.935986e-09
7.121918e-09	6.696506e-09	6.271094e-09	5.845682e-09
7.019836e-09	6.609482e-09	6.199128e-09	5.788774e-09
6.985258e-09	6.564046e-09	6.142834e-09	5.721622e-09
6.893310e-09	6.487560e-09	6.081810e-09	5.676060e-09
6.827650e-09	6.394370e-09	5.961090e-09	5.527810e-09
6.780300e-09	6.353580e-09	5.926860e-09	5.500140e-09
6.724956e-09	6.291022e-09	5.857088e-09	5.423154e-09
6.565464e-09	6.154448e-09	5.743432e-09	5.332416e-09
6.511000e-09	6.102090e-09	5.693180e-09	5.284270e-09
6.428956e-09	6.039882e-09	5.650808e-09	5.261734e-09
6.352994e-09	5.943728e-09	5.534462e-09	5.125196e-09
6.355480e-09	5.949530e-09	5.543580e-09	5.137630e-09
6.240330e-09	5.831300e-09	5.422270e-09	5.013240e-09
6.231608e-09	5.806746e-09	5.381884e-09	4.957022e-09
6.127072e-09	5.709824e-09	5.292576e-09	4.875328e-09
6.047938e-09	5.634246e-09	5.220554e-09	4.806862e-09
5.951944e-09	5.556868e-09	5.161792e-09	4.766716e-09
5.889996e-09	5.495022e-09	5.100048e-09	4.705074e-09
5.802924e-09	5.404518e-09	5.006112e-09	4.607706e-09
5.732776e-09	5.339742e-09	4.946708e-09	4.553674e-09
5.689562e-09	5.294634e-09	4.899706e-09	4.504778e-09
5.651712e-09	5.251904e-09	4.852096e-09	4.452288e-09
5.586922e-09	5.171094e-09	4.755266e-09	4.339438e-09
5.509914e-09	5.108088e-09	4.706262e-09	4.304436e-09
5.419660e-09	5.025080e-09	4.630500e-09	4.235920e-09
5.383856e-09	4.979412e-09	4.574968e-09	4.170524e-09
5.306936e-09	4.918402e-09	4.529868e-09	4.141334e-09
5.269394e-09	4.876398e-09	4.483402e-09	4.090406e-09
5.192598e-09	4.799846e-09	4.407094e-09	4.014342e-09
5.116722e-09	4.723834e-09	4.330946e-09	3.938058e-09
5.075366e-09	4.691342e-09	4.307318e-09	3.923294e-09
5.053702e-09	4.646934e-09	4.240166e-09	3.833398e-09
4.929988e-09	4.535066e-09	4.140144e-09	3.745222e-09
4.843738e-09	4.463336e-09	4.082934e-09	3.702532e-09
4.791554e-09	4.423678e-09	4.055802e-09	3.687926e-09
4.789348e-09	4.399046e-09	4.008744e-09	3.618442e-09
4.748616e-09	4.352282e-09	3.955948e-09	3.559614e-09
4.631340e-09	4.238040e-09	3.844740e-09	3.451440e-09
4.652154e-09	4.258828e-09	3.865502e-09	3.472176e-09
4.531508e-09	4.140856e-09	3.750204e-09	3.359552e-09
4.474970e-09	4.089100e-09	3.703230e-09	3.317360e-09
4.419254e-09	4.036818e-09	3.654382e-09	3.271946e-09
4.405462e-09	4.022774e-09	3.640086e-09	3.257398e-09
4.300182e-09	3.907074e-09	3.513966e-09	3.120858e-09
4.279132e-09	3.893454e-09	3.507776e-09	3.122098e-09
4.192164e-09	3.817328e-09	3.442492e-09	3.067656e-09
4.154548e-09	3.771006e-09	3.387464e-09	3.003922e-09
4.134944e-09	3.736738e-09	3.338532e-09	2.940326e-09
4.060178e-09	3.668146e-09	3.276114e-09	2.884082e-09
4.029076e-09	3.631122e-09	3.233168e-09	2.835214e-09
3.964576e-09	3.579302e-09	3.194028e-09	2.808754e-09
3.840044e-09	3.460148e-09	3.080252e-09	2.700356e-09
3.849328e-09	3.458216e-09	3.067104e-09	2.675992e-09
3.789400e-09	3.401730e-09	3.014060e-09	2.626390e-09
3.714064e-09	3.331318e-09	2.948572e-09	2.565826e-09
3.667504e-09	3.290718e-09	2.913932e-09	2.537146e-09
3.676490e-09	3.287330e-09	2.898170e-09	2.509010e-09
3.603652e-09	3.222374e-09	2.841096e-09	2.459818e-09
3.543120e-09	3.143970e-09	2.744820e-09	2.345670e-09
3.495066e-09	3.095492e-09	2.695918e-09	2.296344e-09
3.396824e-09	3.018328e-09	2.639832e-09	2.261336e-09
3.382140e-09	2.988380e-09	2.594620e-09	2.200860e-09
3.309806e-09	2.914852e-09	2.519898e-09	2.124944e-09
3.246862e-09	2.852394e-09	2.457926e-09	2.063458e-09
3.205244e-09	2.811928e-09	2.418612e-09	2.025296e-09
3.134816e-09	2.753872e-09	2.372928e-09	1.991984e-09
3.137156e-09	2.732102e-09	2.327048e-09	1.921994e-09
3.053122e-09	2.656284e-09	2.259446e-09	1.862608e-09
3.016976e-09	2.619562e-09	2.222148e-09	1.824734e-09
2.982276e-09	2.580452e-09	2.178628e-09	1.776804e-09
2.935420e-09	2.532430e-09	2.129440e-09	1.726450e-09
2.813926e-09	2.411132e-09	2.008338e-09	1.605544e-09
2.840818e-09	2.423846e-09	2.006874e-09	1.589902e-09
2.751144e-09	2.342138e-09	1.933132e-09	1.524126e-09
2.710248e-09	2.300006e-09	1.889764e-09	1.479522e-09
2.663266e-09	2.246332e-09	1.829398e-09	1.412464e-09
2.661159e-09	2.229638e-09	1.798117e-09	1.366596e-09
2.599956e-09	2.165452e-09	1.730947e-09	1.296443e-09
2.524501e-09	2.088903e-09	1.653304e-09	1.217706e-09
2.454029e-09	2.027149e-09	1.600268e-09	1.173388e-09
2.401725e-09	1.961790e-09	1.521855e-09	1.081920e-09
2.376321e-09	1.925702e-09	1.475082e-09	1.024463e-09
2.298229e-09	1.852467e-09	1.406706e-09	9.609444e-10
2.275619e-09	1.813498e-09	1.351378e-09	8.892568e-10
2.206501e-09	1.733312e-09	1.260124e-09	7.869348e-10
2.126902e-09	1.659905e-09	1.192907e-09	7.259096e-10
2.118088e-09	1.642657e-09	1.167225e-09	6.917936e-10
2.085154e-09	1.612043e-09	1.138933e-09	6.658221e-10
2.037843e-09	1.564732e-09	1.091622e-09	6.185110e-10
1.990532e-09	1.517421e-09	1.044311e-09	5.711999e-10
1.943221e-09	1.470110e-09	9.969995e-10	5.238889e-10
1.895910e-09	1.422799e-09	9.496884e-10	4.765778e-10
1.848599e-09	1.375488e-09	9.023774e-10	4.292667e-10
1.801288e-09	1.328177e-09	8.550663e-10	3.819557e-10
1.753977e-09	1.280866e-09	8.077553e-10	3.346446e-10
1.706665e-09	1.233555e-09	7.604442e-10	2.873336e-10
1.659354e-09	1.186244e-09	7.131331e-10	2.400225e-10
1.612043e-09	1.138933e-09	6.658221e-10	1.000000e-35
1.564732e-09	1.091622e-09	6.185110e-10	1.000000e-35
1.517421e-09	1.044311e-09	5.711999e-10	1.000000e-35
1.470110e-09	9.969995e-10	5.238889e-10	1.000000e-35
1.422799e-09	9.496884e-10	4.765778e-10	1.000000e-35
1.375488e-09	9.023774e-10	4.292667e-10	1.000000e-35
1.328177e-09	8.550663e-10	3.819557e-10	1.000000e-35
1.280866e-09	8.077553e-10	3.346446e-10	1.000000e-35
1.233555e-09	7.604442e-10	2.873336e-10	1.000000e-35
1.186244e-09	7.131331e-10	2.400225e-10	1.000000e-35
1.138933e-09	6.658221e-10	1.000000e-35	1.000000e-35
1.091622e-09	6.185110e-10	1.000000e-35	1.000000e-35
1.044311e-09	5.711999e-10	1.000000e-35	1.000000e-35
9.969995e-10	5.238889e-10	1.000000e-35	1.000000e-35
9.496884e-10	4.765778e-10	1.000000e-35	1.000000e-35
9.023774e-10	4.292667e-10	1.000000e-35	1.000000e-35
8.550663e-10	3.819557e-10	1.000000e-35	1.000000e-35
8.077553e-10	3.346446e-10	1.000000e-35	1.000000e-35
7.604442e-10	2.873336e-10	1.000000e-35	1.000000e-35
7.131331e-10	2.400225e-10	1.000000e-35	1.000000e-35
6.658221e-10	1.000000e-35	1.000000e-35	1.000000e-35
6.185110e-10	1.000000e-35	1.000000e-35	1.000000e-35
5.711999e-10	1.000000e-35	1.000000e-35	1.000000e-35
5.238889e-10	1.000000e-35	1.000000e-35	1.000000e-35
4.765778e-10	1.000000e-35	1.000000e-35	1.000000e-35
4.292667e-10	1.000000e-35	1.000000e-35	1.000000e-35
3.819557e-10	1.000000e-35	1.000000e-35	1.000000e-35
3.346446e-10	1.000000e-35	1.000000e-35	1.000000e-35
2.873336e-10	1.000000e-35	1.000000e-35	1.000000e-35
2.400225e-10	1.000000e-35	1.000000e-35	1.000000e-35
1.000000e-35	1.000000e-35	1.000000e-35	1.000000e-35
1.000000e-35	1.000000e-35	1.000000e-35	1.000000e-35
1.000000e-35	1.000000e-35	1.000000e-35	1.000000e-35
1.000000e-35	1.000000e-35	1.000000e-35	1.000000e-35
1.000000e-35	1.000000e-35	1.000000e-35	1.000000e-35
1.000000e-35	1.000000e-35	1.000000e-35	1.000000e-35
1.000000e-35	1.000000e-35	1.000000e-35	1.000000e-35
1.000000e-35	1.000000e-35	1.000000e-35	1.000000e-35
1.000000e-35	1.000000e-35	1.000000e-35	1.000000e-35
1.000000e-35	1.000000e-35	1.000000e-35	1.000000e-35
