1.000000e-35	1.000000e-35	1.000000e-35	1.000000e-35	1.000000e-35	1.000000e-35	1.000000e-35	1.000000e-35	1.000000e-35
1.000000e-35	1.000000e-35	1.000000e-35	1.000000e-35	1.000000e-35	1.000000e-35	1.000000e-35	1.000000e-35	1.000000e-35
1.000000e-35	1.000000e-35	1.000000e-35	1.000000e-35	1.000000e-35	1.000000e-35	1.000000e-35	1.000000e-35	1.000000e-35
1.000000e-35	1.000000e-35	1.000000e-35	1.000000e-35	1.000000e-35	1.000000e-35	1.000000e-35	1.000000e-35	1.000000e-35
1.000000e-35	1.000000e-35	1.000000e-35	1.000000e-35	1.000000e-35	1.000000e-35	1.000000e-35	1.000000e-35	1.000000e-35
1.000000e-35	1.000000e-35	1.000000e-35	1.000000e-35	1.000000e-35	1.000000e-35	1.000000e-35	1.000000e-35	1.000000e-35
1.000000e-35	1.000000e-35	1.000000e-35	1.000000e-35	1.000000e-35	1.000000e-35	1.000000e-35	1.000000e-35	1.000000e-35
1.000000e-35	1.000000e-35	1.000000e-35	1.000000e-35	1.000000e-35	1.000000e-35	1.000000e-35	1.000000e-35	1.000000e-35
1.000000e-35	1.000000e-35	1.000000e-35	1.000000e-35	1.000000e-35	1.000000e-35	1.000000e-35	1.000000e-35	1.000000e-35
1.000000e-35	1.000000e-35	1.000000e-35	1.000000e-35	1.000000e-35	1.000000e-35	1.000000e-35	1.000000e-35	1.000000e-35
2.872734e-12	2.738138e-12	2.603542e-12	2.468946e-12	2.334350e-12	2.199754e-12	2.065158e-12	1.930562e-12	1.795966e-12
3.088959e-12	3.004228e-12	2.919497e-12	2.834766e-12	2.750035e-12	2.665304e-12	2.580573e-12	2.495842e-12	2.411111e-12
1.297813e-11	1.285836e-11	1.273859e-11	1.261882e-11	1.249905e-11	1.237928e-11	1.225951e-11	1.213974e-11	1.201997e-11
2.330643e-10	2.541726e-10	2.752809e-10	2.963892e-10	3.174975e-10	3.386058e-10	3.597141e-10	3.808224e-10	4.019307e-10
2.737384e-10	2.722968e-10	2.708552e-10	2.694136e-10	2.679720e-10	2.665304e-10	2.650888e-10	2.636472e-10	2.622056e-10
6.818829e-10	6.841978e-10	6.865127e-10	6.888276e-10	6.911425e-10	6.934574e-10	6.957723e-10	6.980872e-10	7.004021e-10
2.446382e-09	2.435784e-09	2.425186e-09	2.414588e-09	2.403990e-09	2.393392e-09	2.382794e-09	2.372196e-09	2.361598e-09
7.760952e-08	7.687614e-08	7.614276e-08	7.540938e-08	7.467600e-08	7.394262e-08	7.320924e-08	7.247586e-08	7.174248e-08
2.602610e-08	2.580840e-08	2.559070e-08	2.537300e-08	2.515530e-08	2.493760e-08	2.471990e-08	2.450220e-08	2.428450e-08
3.876663e-09	3.886186e-09	3.895709e-09	3.905232e-09	3.914755e-09	3.924278e-09	3.933801e-09	3.943324e-09	3.952847e-09
1.076044e-08	1.075848e-08	1.075652e-08	1.075456e-08	1.075260e-08	1.075064e-08	1.074868e-08	1.074672e-08	1.074476e-08
6.880817e-09	6.897444e-09	6.914071e-09	6.930698e-09	6.947325e-09	6.963952e-09	6.980579e-09	6.997206e-09	7.013833e-09
8.286646e-09	8.378522e-09	8.470398e-09	8.562274e-09	8.654150e-09	8.746026e-09	8.837902e-09	8.929778e-09	9.021654e-09
1.442973e-08	1.460336e-08	1.477699e-08	1.495062e-08	1.512425e-08	1.529788e-08	1.547151e-08	1.564514e-08	1.581877e-08
1.157845e-08	1.162310e-08	1.166775e-08	1.171240e-08	1.175705e-08	1.180170e-08	1.184635e-08	1.189100e-08	1.193565e-08
1.345905e-08	1.354720e-08	1.363535e-08	1.372350e-08	1.381165e-08	1.389980e-08	1.398795e-08	1.407610e-08	1.416425e-08
1.473246e-08	1.481612e-08	1.489978e-08	1.498344e-08	1.506710e-08	1.515076e-08	1.523442e-08	1.531808e-08	1.540174e-08
1.712083e-08	1.720106e-08	1.728129e-08	1.736152e-08	1.744175e-08	1.752198e-08	1.760221e-08	1.768244e-08	1.776267e-08
1.800697e-08	1.805534e-08	1.810371e-08	1.815208e-08	1.820045e-08	1.824882e-08	1.829719e-08	1.834556e-08	1.839393e-08
1.969138e-08	1.978526e-08	1.987914e-08	1.997302e-08	2.006690e-08	2.016078e-08	2.025466e-08	2.034854e-08	2.044242e-08
2.123043e-08	2.132876e-08	2.142709e-08	2.152542e-08	2.162375e-08	2.172208e-08	2.182041e-08	2.191874e-08	2.201707e-08
2.279086e-08	2.286072e-08	2.293058e-08	2.300044e-08	2.307030e-08	2.314016e-08	2.321002e-08	2.327988e-08	2.334974e-08
2.438881e-08	2.443442e-08	2.448003e-08	2.452564e-08	2.457125e-08	2.461686e-08	2.466247e-08	2.470808e-08	2.475369e-08
2.570393e-08	2.577646e-08	2.584899e-08	2.592152e-08	2.599405e-08	2.606658e-08	2.613911e-08	2.621164e-08	2.628417e-08
2.703529e-08	2.712408e-08	2.721287e-08	2.730166e-08	2.739045e-08	2.747924e-08	2.756803e-08	2.765682e-08	2.774561e-08
2.824186e-08	2.835332e-08	2.846478e-08	2.857624e-08	2.868770e-08	2.879916e-08	2.891062e-08	2.902208e-08	2.913354e-08
2.935752e-08	2.946344e-08	2.956936e-08	2.967528e-08	2.978120e-08	2.988712e-08	2.999304e-08	3.009896e-08	3.020488e-08
3.082939e-08	3.092388e-08	3.101837e-08	3.111286e-08	3.120735e-08	3.130184e-08	3.139633e-08	3.149082e-08	3.158531e-08
3.176992e-08	3.188874e-08	3.200756e-08	3.212638e-08	3.224520e-08	3.236402e-08	3.248284e-08	3.260166e-08	3.272048e-08
3.267490e-08	3.277400e-08	3.287310e-08	3.297220e-08	3.307130e-08	3.317040e-08	3.326950e-08	3.336860e-08	3.346770e-08
3.362170e-08	3.376460e-08	3.390750e-08	3.405040e-08	3.419330e-08	3.433620e-08	3.447910e-08	3.462200e-08	3.476490e-08
3.494661e-08	3.505692e-08	3.516723e-08	3.527754e-08	3.538785e-08	3.549816e-08	3.560847e-08	3.571878e-08	3.582909e-08
3.550188e-08	3.558876e-08	3.567564e-08	3.576252e-08	3.584940e-08	3.593628e-08	3.602316e-08	3.611004e-08	3.619692e-08
3.639316e-08	3.652732e-08	3.666148e-08	3.679564e-08	3.692980e-08	3.706396e-08	3.719812e-08	3.733228e-08	3.746644e-08
3.709977e-08	3.727854e-08	3.745731e-08	3.763608e-08	3.781485e-08	3.799362e-08	3.817239e-08	3.835116e-08	3.852993e-08
3.804977e-08	3.821184e-08	3.837391e-08	3.853598e-08	3.869805e-08	3.886012e-08	3.902219e-08	3.918426e-08	3.934633e-08
3.832276e-08	3.850452e-08	3.868628e-08	3.886804e-08	3.904980e-08	3.923156e-08	3.941332e-08	3.959508e-08	3.977684e-08
3.900964e-08	3.918808e-08	3.936652e-08	3.954496e-08	3.972340e-08	3.990184e-08	4.008028e-08	4.025872e-08	4.043716e-08
3.944735e-08	3.960880e-08	3.977025e-08	3.993170e-08	4.009315e-08	4.025460e-08	4.041605e-08	4.057750e-08	4.073895e-08
4.011539e-08	4.028948e-08	4.046357e-08	4.063766e-08	4.081175e-08	4.098584e-08	4.115993e-08	4.133402e-08	4.150811e-08
4.080145e-08	4.099610e-08	4.119075e-08	4.138540e-08	4.158005e-08	4.177470e-08	4.196935e-08	4.216400e-08	4.235865e-08
4.098716e-08	4.124842e-08	4.150968e-08	4.177094e-08	4.203220e-08	4.229346e-08	4.255472e-08	4.281598e-08	4.307724e-08
4.143051e-08	4.168182e-08	4.193313e-08	4.218444e-08	4.243575e-08	4.268706e-08	4.293837e-08	4.318968e-08	4.344099e-08
4.191423e-08	4.218926e-08	4.246429e-08	4.273932e-08	4.301435e-08	4.328938e-08	4.356441e-08	4.383944e-08	4.411447e-08
4.225296e-08	4.245382e-08	4.265468e-08	4.285554e-08	4.305640e-08	4.325726e-08	4.345812e-08	4.365898e-08	4.385984e-08
4.247968e-08	4.276966e-08	4.305964e-08	4.334962e-08	4.363960e-08	4.392958e-08	4.421956e-08	4.450954e-08	4.479952e-08
4.260730e-08	4.286010e-08	4.311290e-08	4.336570e-08	4.361850e-08	4.387130e-08	4.412410e-08	4.437690e-08	4.462970e-08
4.281679e-08	4.306558e-08	4.331437e-08	4.356316e-08	4.381195e-08	4.406074e-08	4.430953e-08	4.455832e-08	4.480711e-08
4.283635e-08	4.311300e-08	4.338965e-08	4.366630e-08	4.394295e-08	4.421960e-08	4.449625e-08	4.477290e-08	4.504955e-08
4.319324e-08	4.343238e-08	4.367152e-08	4.391066e-08	4.414980e-08	4.438894e-08	4.462808e-08	4.486722e-08	4.510636e-08
4.332276e-08	4.367022e-08	4.401768e-08	4.436514e-08	4.471260e-08	4.506006e-08	4.540752e-08	4.575498e-08	4.610244e-08
4.308144e-08	4.340628e-08	4.373112e-08	4.405596e-08	4.438080e-08	4.470564e-08	4.503048e-08	4.535532e-08	4.568016e-08
4.354642e-08	4.382164e-08	4.409686e-08	4.437208e-08	4.464730e-08	4.492252e-08	4.519774e-08	4.547296e-08	4.574818e-08
4.373632e-08	4.406044e-08	4.438456e-08	4.470868e-08	4.503280e-08	4.535692e-08	4.568104e-08	4.600516e-08	4.632928e-08
4.360878e-08	4.396496e-08	4.432114e-08	4.467732e-08	4.503350e-08	4.538968e-08	4.574586e-08	4.610204e-08	4.645822e-08
4.362605e-08	4.399800e-08	4.436995e-08	4.474190e-08	4.511385e-08	4.548580e-08	4.585775e-08	4.622970e-08	4.660165e-08
4.353363e-08	4.384776e-08	4.416189e-08	4.447602e-08	4.479015e-08	4.510428e-08	4.541841e-08	4.573254e-08	4.604667e-08
4.318325e-08	4.354200e-08	4.390075e-08	4.425950e-08	4.461825e-08	4.497700e-08	4.533575e-08	4.569450e-08	4.605325e-08
4.372902e-08	4.408354e-08	4.443806e-08	4.479258e-08	4.514710e-08	4.550162e-08	4.585614e-08	4.621066e-08	4.656518e-08
4.325873e-08	4.364016e-08	4.402159e-08	4.440302e-08	4.478445e-08	4.516588e-08	4.554731e-08	4.592874e-08	4.631017e-08
4.302020e-08	4.346660e-08	4.391300e-08	4.435940e-08	4.480580e-08	4.525220e-08	4.569860e-08	4.614500e-08	4.659140e-08
4.302740e-08	4.347590e-08	4.392440e-08	4.437290e-08	4.482140e-08	4.526990e-08	4.571840e-08	4.616690e-08	4.661540e-08
4.307691e-08	4.353362e-08	4.399033e-08	4.444704e-08	4.490375e-08	4.536046e-08	4.581717e-08	4.627388e-08	4.673059e-08
1.657362e-07	1.682984e-07	1.708606e-07	1.734228e-07	1.759850e-07	1.785472e-07	1.811094e-07	1.836716e-07	1.862338e-07
4.259794e-08	4.306558e-08	4.353322e-08	4.400086e-08	4.446850e-08	4.493614e-08	4.540378e-08	4.587142e-08	4.633906e-08
4.216273e-08	4.265726e-08	4.315179e-08	4.364632e-08	4.414085e-08	4.463538e-08	4.512991e-08	4.562444e-08	4.611897e-08
4.328169e-08	4.373408e-08	4.418647e-08	4.463886e-08	4.509125e-08	4.554364e-08	4.599603e-08	4.644842e-08	4.690081e-08
4.183149e-08	4.233108e-08	4.283067e-08	4.333026e-08	4.382985e-08	4.432944e-08	4.482903e-08	4.532862e-08	4.582821e-08
4.152280e-08	4.204370e-08	4.256460e-08	4.308550e-08	4.360640e-08	4.412730e-08	4.464820e-08	4.516910e-08	4.569000e-08
4.287500e-08	4.338910e-08	4.390320e-08	4.441730e-08	4.493140e-08	4.544550e-08	4.595960e-08	4.647370e-08	4.698780e-08
4.127857e-08	4.180594e-08	4.233331e-08	4.286068e-08	4.338805e-08	4.391542e-08	4.444279e-08	4.497016e-08	4.549753e-08
4.194447e-08	4.238654e-08	4.282861e-08	4.327068e-08	4.371275e-08	4.415482e-08	4.459689e-08	4.503896e-08	4.548103e-08
4.188271e-08	4.245952e-08	4.303633e-08	4.361314e-08	4.418995e-08	4.476676e-08	4.534357e-08	4.592038e-08	4.649719e-08
2.316312e-06	2.352894e-06	2.389476e-06	2.426058e-06	2.462640e-06	2.499222e-06	2.535804e-06	2.572386e-06	2.608968e-06
4.060405e-08	4.113380e-08	4.166355e-08	4.219330e-08	4.272305e-08	4.325280e-08	4.378255e-08	4.431230e-08	4.484205e-08
4.028927e-08	4.078554e-08	4.128181e-08	4.177808e-08	4.227435e-08	4.277062e-08	4.326689e-08	4.376316e-08	4.425943e-08
3.994231e-08	4.041702e-08	4.089173e-08	4.136644e-08	4.184115e-08	4.231586e-08	4.279057e-08	4.326528e-08	4.373999e-08
6.830696e-08	6.917102e-08	7.003508e-08	7.089914e-08	7.176320e-08	7.262726e-08	7.349132e-08	7.435538e-08	7.521944e-08
3.934577e-08	3.991294e-08	4.048011e-08	4.104728e-08	4.161445e-08	4.218162e-08	4.274879e-08	4.331596e-08	4.388313e-08
3.934359e-08	3.987358e-08	4.040357e-08	4.093356e-08	4.146355e-08	4.199354e-08	4.252353e-08	4.305352e-08	4.358351e-08
3.888190e-08	3.942850e-08	3.997510e-08	4.052170e-08	4.106830e-08	4.161490e-08	4.216150e-08	4.270810e-08	4.325470e-08
3.877670e-08	3.925930e-08	3.974190e-08	4.022450e-08	4.070710e-08	4.118970e-08	4.167230e-08	4.215490e-08	4.263750e-08
3.931859e-08	3.985828e-08	4.039797e-08	4.093766e-08	4.147735e-08	4.201704e-08	4.255673e-08	4.309642e-08	4.363611e-08
3.849657e-08	3.896484e-08	3.943311e-08	3.990138e-08	4.036965e-08	4.083792e-08	4.130619e-08	4.177446e-08	4.224273e-08
3.831939e-08	3.884388e-08	3.936837e-08	3.989286e-08	4.041735e-08	4.094184e-08	4.146633e-08	4.199082e-08	4.251531e-08
1.004798e-07	1.026260e-07	1.047721e-07	1.069182e-07	1.090644e-07	1.112105e-07	1.133566e-07	1.155027e-07	1.176489e-07
1.050433e-06	1.070386e-06	1.090339e-06	1.110292e-06	1.130245e-06	1.150198e-06	1.170151e-06	1.190104e-06	1.210057e-06
3.772848e-08	3.828266e-08	3.883684e-08	3.939102e-08	3.994520e-08	4.049938e-08	4.105356e-08	4.160774e-08	4.216192e-08
1.180776e-07	1.201742e-07	1.222708e-07	1.243674e-07	1.264640e-07	1.285606e-07	1.306572e-07	1.327538e-07	1.348504e-07
4.866339e-07	4.963548e-07	5.060757e-07	5.157966e-07	5.255175e-07	5.352384e-07	5.449593e-07	5.546802e-07	5.644011e-07
3.638423e-08	3.690506e-08	3.742589e-08	3.794672e-08	3.846755e-08	3.898838e-08	3.950921e-08	4.003004e-08	4.055087e-08
5.482938e-08	5.572946e-08	5.662954e-08	5.752962e-08	5.842970e-08	5.932978e-08	6.022986e-08	6.112994e-08	6.203002e-08
3.254198e-08	3.289776e-08	3.325354e-08	3.360932e-08	3.396510e-08	3.432088e-08	3.467666e-08	3.503244e-08	3.538822e-08
2.801598e-08	2.832946e-08	2.864294e-08	2.895642e-08	2.926990e-08	2.958338e-08	2.989686e-08	3.021034e-08	3.052382e-08
2.795398e-08	2.822196e-08	2.848994e-08	2.875792e-08	2.902590e-08	2.929388e-08	2.956186e-08	2.982984e-08	3.009782e-08
2.804493e-08	2.830146e-08	2.855799e-08	2.881452e-08	2.907105e-08	2.932758e-08	2.958411e-08	2.984064e-08	3.009717e-08
2.793954e-08	2.822038e-08	2.850122e-08	2.878206e-08	2.906290e-08	2.934374e-08	2.962458e-08	2.990542e-08	3.018626e-08
2.745247e-08	2.774654e-08	2.804061e-08	2.833468e-08	2.862875e-08	2.892282e-08	2.921689e-08	2.951096e-08	2.980503e-08
2.748293e-08	2.783136e-08	2.817979e-08	2.852822e-08	2.887665e-08	2.922508e-08	2.957351e-08	2.992194e-08	3.027037e-08
3.287106e-08	3.335792e-08	3.384478e-08	3.433164e-08	3.481850e-08	3.530536e-08	3.579222e-08	3.627908e-08	3.676594e-08
2.771129e-08	2.796918e-08	2.822707e-08	2.848496e-08	2.874285e-08	2.900074e-08	2.925863e-08	2.951652e-08	2.977441e-08
2.792963e-08	2.819266e-08	2.845569e-08	2.871872e-08	2.898175e-08	2.924478e-08	2.950781e-08	2.977084e-08	3.003387e-08
2.709032e-08	2.742864e-08	2.776696e-08	2.810528e-08	2.844360e-08	2.878192e-08	2.912024e-08	2.945856e-08	2.979688e-08
1.851467e-07	1.885974e-07	1.920481e-07	1.954988e-07	1.989495e-07	2.024002e-07	2.058509e-07	2.093016e-07	2.127523e-07
2.820384e-08	2.848888e-08	2.877392e-08	2.905896e-08	2.934400e-08	2.962904e-08	2.991408e-08	3.019912e-08	3.048416e-08
4.408844e-08	4.475588e-08	4.542332e-08	4.609076e-08	4.675820e-08	4.742564e-08	4.809308e-08	4.876052e-08	4.942796e-08
4.133268e-08	4.183486e-08	4.233704e-08	4.283922e-08	4.334140e-08	4.384358e-08	4.434576e-08	4.484794e-08	4.535012e-08
2.409559e-08	2.437958e-08	2.466357e-08	2.494756e-08	2.523155e-08	2.551554e-08	2.579953e-08	2.608352e-08	2.636751e-08
2.446614e-08	2.474768e-08	2.502922e-08	2.531076e-08	2.559230e-08	2.587384e-08	2.615538e-08	2.643692e-08	2.671846e-08
2.389195e-08	2.412960e-08	2.436725e-08	2.460490e-08	2.484255e-08	2.508020e-08	2.531785e-08	2.555550e-08	2.579315e-08
2.842419e-08	2.873778e-08	2.905137e-08	2.936496e-08	2.967855e-08	2.999214e-08	3.030573e-08	3.061932e-08	3.093291e-08
2.276190e-08	2.298300e-08	2.320410e-08	2.342520e-08	2.364630e-08	2.386740e-08	2.408850e-08	2.430960e-08	2.453070e-08
2.262201e-08	2.286612e-08	2.311023e-08	2.335434e-08	2.359845e-08	2.384256e-08	2.408667e-08	2.433078e-08	2.457489e-08
2.242277e-08	2.267004e-08	2.291731e-08	2.316458e-08	2.341185e-08	2.365912e-08	2.390639e-08	2.415366e-08	2.440093e-08
2.237038e-08	2.262666e-08	2.288294e-08	2.313922e-08	2.339550e-08	2.365178e-08	2.390806e-08	2.416434e-08	2.442062e-08
2.230884e-08	2.256688e-08	2.282492e-08	2.308296e-08	2.334100e-08	2.359904e-08	2.385708e-08	2.411512e-08	2.437316e-08
2.239131e-08	2.263072e-08	2.287013e-08	2.310954e-08	2.334895e-08	2.358836e-08	2.382777e-08	2.406718e-08	2.430659e-08
2.200325e-08	2.226890e-08	2.253455e-08	2.280020e-08	2.306585e-08	2.333150e-08	2.359715e-08	2.386280e-08	2.412845e-08
2.188692e-08	2.219384e-08	2.250076e-08	2.280768e-08	2.311460e-08	2.342152e-08	2.372844e-08	2.403536e-08	2.434228e-08
2.205976e-08	2.230952e-08	2.255928e-08	2.280904e-08	2.305880e-08	2.330856e-08	2.355832e-08	2.380808e-08	2.405784e-08
2.205403e-08	2.230616e-08	2.255829e-08	2.281042e-08	2.306255e-08	2.331468e-08	2.356681e-08	2.381894e-08	2.407107e-08
2.196357e-08	2.224654e-08	2.252951e-08	2.281248e-08	2.309545e-08	2.337842e-08	2.366139e-08	2.394436e-08	2.422733e-08
2.183391e-08	2.206322e-08	2.229253e-08	2.252184e-08	2.275115e-08	2.298046e-08	2.320977e-08	2.343908e-08	2.366839e-08
2.173093e-08	2.197366e-08	2.221639e-08	2.245912e-08	2.270185e-08	2.294458e-08	2.318731e-08	2.343004e-08	2.367277e-08
2.159533e-08	2.185516e-08	2.211499e-08	2.237482e-08	2.263465e-08	2.289448e-08	2.315431e-08	2.341414e-08	2.367397e-08
2.147551e-08	2.172222e-08	2.196893e-08	2.221564e-08	2.246235e-08	2.270906e-08	2.295577e-08	2.320248e-08	2.344919e-08
2.128888e-08	2.154576e-08	2.180264e-08	2.205952e-08	2.231640e-08	2.257328e-08	2.283016e-08	2.308704e-08	2.334392e-08
2.129676e-08	2.159312e-08	2.188948e-08	2.218584e-08	2.248220e-08	2.277856e-08	2.307492e-08	2.337128e-08	2.366764e-08
2.123309e-08	2.148768e-08	2.174227e-08	2.199686e-08	2.225145e-08	2.250604e-08	2.276063e-08	2.301522e-08	2.326981e-08
2.106693e-08	2.133516e-08	2.160339e-08	2.187162e-08	2.213985e-08	2.240808e-08	2.267631e-08	2.294454e-08	2.321277e-08
2.081001e-08	2.108932e-08	2.136863e-08	2.164794e-08	2.192725e-08	2.220656e-08	2.248587e-08	2.276518e-08	2.304449e-08
2.080417e-08	2.105674e-08	2.130931e-08	2.156188e-08	2.181445e-08	2.206702e-08	2.231959e-08	2.257216e-08	2.282473e-08
2.076275e-08	2.107920e-08	2.139565e-08	2.171210e-08	2.202855e-08	2.234500e-08	2.266145e-08	2.297790e-08	2.329435e-08
2.055071e-08	2.083562e-08	2.112053e-08	2.140544e-08	2.169035e-08	2.197526e-08	2.226017e-08	2.254508e-08	2.282999e-08
2.039925e-08	2.068280e-08	2.096635e-08	2.124990e-08	2.153345e-08	2.181700e-08	2.210055e-08	2.238410e-08	2.266765e-08
2.046147e-08	2.075754e-08	2.105361e-08	2.134968e-08	2.164575e-08	2.194182e-08	2.223789e-08	2.253396e-08	2.283003e-08
2.040301e-08	2.069042e-08	2.097783e-08	2.126524e-08	2.155265e-08	2.184006e-08	2.212747e-08	2.241488e-08	2.270229e-08
2.022291e-08	2.045112e-08	2.067933e-08	2.090754e-08	2.113575e-08	2.136396e-08	2.159217e-08	2.182038e-08	2.204859e-08
2.016979e-08	2.047488e-08	2.077997e-08	2.108506e-08	2.139015e-08	2.169524e-08	2.200033e-08	2.230542e-08	2.261051e-08
2.014571e-08	2.039642e-08	2.064713e-08	2.089784e-08	2.114855e-08	2.139926e-08	2.164997e-08	2.190068e-08	2.215139e-08
2.012436e-08	2.037122e-08	2.061808e-08	2.086494e-08	2.111180e-08	2.135866e-08	2.160552e-08	2.185238e-08	2.209924e-08
1.976589e-08	2.005708e-08	2.034827e-08	2.063946e-08	2.093065e-08	2.122184e-08	2.151303e-08	2.180422e-08	2.209541e-08
1.949426e-08	1.981152e-08	2.012878e-08	2.044604e-08	2.076330e-08	2.108056e-08	2.139782e-08	2.171508e-08	2.203234e-08
1.967626e-08	1.994742e-08	2.021858e-08	2.048974e-08	2.076090e-08	2.103206e-08	2.130322e-08	2.157438e-08	2.184554e-08
1.939456e-08	1.969742e-08	2.000028e-08	2.030314e-08	2.060600e-08	2.090886e-08	2.121172e-08	2.151458e-08	2.181744e-08
1.926130e-08	1.957920e-08	1.989710e-08	2.021500e-08	2.053290e-08	2.085080e-08	2.116870e-08	2.148660e-08	2.180450e-08
1.931247e-08	1.959174e-08	1.987101e-08	2.015028e-08	2.042955e-08	2.070882e-08	2.098809e-08	2.126736e-08	2.154663e-08
1.918871e-08	1.946232e-08	1.973593e-08	2.000954e-08	2.028315e-08	2.055676e-08	2.083037e-08	2.110398e-08	2.137759e-08
1.914135e-08	1.943120e-08	1.972105e-08	2.001090e-08	2.030075e-08	2.059060e-08	2.088045e-08	2.117030e-08	2.146015e-08
1.916512e-08	1.943164e-08	1.969816e-08	1.996468e-08	2.023120e-08	2.049772e-08	2.076424e-08	2.103076e-08	2.129728e-08
1.897080e-08	1.926160e-08	1.955240e-08	1.984320e-08	2.013400e-08	2.042480e-08	2.071560e-08	2.100640e-08	2.129720e-08
1.878980e-08	1.905540e-08	1.932100e-08	1.958660e-08	1.985220e-08	2.011780e-08	2.038340e-08	2.064900e-08	2.091460e-08
1.878897e-08	1.906914e-08	1.934931e-08	1.962948e-08	1.990965e-08	2.018982e-08	2.046999e-08	2.075016e-08	2.103033e-08
1.861301e-08	1.890342e-08	1.919383e-08	1.948424e-08	1.977465e-08	2.006506e-08	2.035547e-08	2.064588e-08	2.093629e-08
1.845335e-08	1.875520e-08	1.905705e-08	1.935890e-08	1.966075e-08	1.996260e-08	2.026445e-08	2.056630e-08	2.086815e-08
1.820931e-08	1.850462e-08	1.879993e-08	1.909524e-08	1.939055e-08	1.968586e-08	1.998117e-08	2.027648e-08	2.057179e-08
1.814522e-08	1.847224e-08	1.879926e-08	1.912628e-08	1.945330e-08	1.978032e-08	2.010734e-08	2.043436e-08	2.076138e-08
1.812597e-08	1.841694e-08	1.870791e-08	1.899888e-08	1.928985e-08	1.958082e-08	1.987179e-08	2.016276e-08	2.045373e-08
1.828917e-08	1.853054e-08	1.877191e-08	1.901328e-08	1.925465e-08	1.949602e-08	1.973739e-08	1.997876e-08	2.022013e-08
1.811257e-08	1.838854e-08	1.866451e-08	1.894048e-08	1.921645e-08	1.949242e-08	1.976839e-08	2.004436e-08	2.032033e-08
1.780349e-08	1.810108e-08	1.839867e-08	1.869626e-08	1.899385e-08	1.929144e-08	1.958903e-08	1.988662e-08	2.018421e-08
1.806686e-08	1.835642e-08	1.864598e-08	1.893554e-08	1.922510e-08	1.951466e-08	1.980422e-08	2.009378e-08	2.038334e-08
1.766806e-08	1.798512e-08	1.830218e-08	1.861924e-08	1.893630e-08	1.925336e-08	1.957042e-08	1.988748e-08	2.020454e-08
1.764378e-08	1.793146e-08	1.821914e-08	1.850682e-08	1.879450e-08	1.908218e-08	1.936986e-08	1.965754e-08	1.994522e-08
1.733491e-08	1.761132e-08	1.788773e-08	1.816414e-08	1.844055e-08	1.871696e-08	1.899337e-08	1.926978e-08	1.954619e-08
1.730957e-08	1.762164e-08	1.793371e-08	1.824578e-08	1.855785e-08	1.886992e-08	1.918199e-08	1.949406e-08	1.980613e-08
1.750896e-08	1.780382e-08	1.809868e-08	1.839354e-08	1.868840e-08	1.898326e-08	1.927812e-08	1.957298e-08	1.986784e-08
1.707869e-08	1.736828e-08	1.765787e-08	1.794746e-08	1.823705e-08	1.852664e-08	1.881623e-08	1.910582e-08	1.939541e-08
1.685313e-08	1.713446e-08	1.741579e-08	1.769712e-08	1.797845e-08	1.825978e-08	1.854111e-08	1.882244e-08	1.910377e-08
1.695716e-08	1.726972e-08	1.758228e-08	1.789484e-08	1.820740e-08	1.851996e-08	1.883252e-08	1.914508e-08	1.945764e-08
1.671213e-08	1.704266e-08	1.737319e-08	1.770372e-08	1.803425e-08	1.836478e-08	1.869531e-08	1.902584e-08	1.935637e-08
1.665412e-08	1.696834e-08	1.728256e-08	1.759678e-08	1.791100e-08	1.822522e-08	1.853944e-08	1.885366e-08	1.916788e-08
1.672537e-08	1.700524e-08	1.728511e-08	1.756498e-08	1.784485e-08	1.812472e-08	1.840459e-08	1.868446e-08	1.896433e-08
1.654974e-08	1.685118e-08	1.715262e-08	1.745406e-08	1.775550e-08	1.805694e-08	1.835838e-08	1.865982e-08	1.896126e-08
1.644493e-08	1.671226e-08	1.697959e-08	1.724692e-08	1.751425e-08	1.778158e-08	1.804891e-08	1.831624e-08	1.858357e-08
1.646595e-08	1.675650e-08	1.704705e-08	1.733760e-08	1.762815e-08	1.791870e-08	1.820925e-08	1.849980e-08	1.879035e-08
1.631712e-08	1.658704e-08	1.685696e-08	1.712688e-08	1.739680e-08	1.766672e-08	1.793664e-08	1.820656e-08	1.847648e-08
1.600489e-08	1.630048e-08	1.659607e-08	1.689166e-08	1.718725e-08	1.748284e-08	1.777843e-08	1.807402e-08	1.836961e-08
1.618518e-08	1.646586e-08	1.674654e-08	1.702722e-08	1.730790e-08	1.758858e-08	1.786926e-08	1.814994e-08	1.843062e-08
1.596363e-08	1.622906e-08	1.649449e-08	1.675992e-08	1.702535e-08	1.729078e-08	1.755621e-08	1.782164e-08	1.808707e-08
1.580738e-08	1.609786e-08	1.638834e-08	1.667882e-08	1.696930e-08	1.725978e-08	1.755026e-08	1.784074e-08	1.813122e-08
1.593797e-08	1.620564e-08	1.647331e-08	1.674098e-08	1.700865e-08	1.727632e-08	1.754399e-08	1.781166e-08	1.807933e-08
1.567678e-08	1.597136e-08	1.626594e-08	1.656052e-08	1.685510e-08	1.714968e-08	1.744426e-08	1.773884e-08	1.803342e-08
1.543679e-08	1.577328e-08	1.610977e-08	1.644626e-08	1.678275e-08	1.711924e-08	1.745573e-08	1.779222e-08	1.812871e-08
1.561579e-08	1.587758e-08	1.613937e-08	1.640116e-08	1.666295e-08	1.692474e-08	1.718653e-08	1.744832e-08	1.771011e-08
1.543714e-08	1.570238e-08	1.596762e-08	1.623286e-08	1.649810e-08	1.676334e-08	1.702858e-08	1.729382e-08	1.755906e-08
1.526894e-08	1.559228e-08	1.591562e-08	1.623896e-08	1.656230e-08	1.688564e-08	1.720898e-08	1.753232e-08	1.785566e-08
1.512094e-08	1.542998e-08	1.573902e-08	1.604806e-08	1.635710e-08	1.666614e-08	1.697518e-08	1.728422e-08	1.759326e-08
1.523026e-08	1.549882e-08	1.576738e-08	1.603594e-08	1.630450e-08	1.657306e-08	1.684162e-08	1.711018e-08	1.737874e-08
1.498483e-08	1.527246e-08	1.556009e-08	1.584772e-08	1.613535e-08	1.642298e-08	1.671061e-08	1.699824e-08	1.728587e-08
1.485407e-08	1.518344e-08	1.551281e-08	1.584218e-08	1.617155e-08	1.650092e-08	1.683029e-08	1.715966e-08	1.748903e-08
1.482520e-08	1.512120e-08	1.541720e-08	1.571320e-08	1.600920e-08	1.630520e-08	1.660120e-08	1.689720e-08	1.719320e-08
1.479235e-08	1.507840e-08	1.536445e-08	1.565050e-08	1.593655e-08	1.622260e-08	1.650865e-08	1.679470e-08	1.708075e-08
1.460271e-08	1.490522e-08	1.520773e-08	1.551024e-08	1.581275e-08	1.611526e-08	1.641777e-08	1.672028e-08	1.702279e-08
1.457311e-08	1.483992e-08	1.510673e-08	1.537354e-08	1.564035e-08	1.590716e-08	1.617397e-08	1.644078e-08	1.670759e-08
1.453871e-08	1.480822e-08	1.507773e-08	1.534724e-08	1.561675e-08	1.588626e-08	1.615577e-08	1.642528e-08	1.669479e-08
1.444549e-08	1.474998e-08	1.505447e-08	1.535896e-08	1.566345e-08	1.596794e-08	1.627243e-08	1.657692e-08	1.688141e-08
1.453150e-08	1.478010e-08	1.502870e-08	1.527730e-08	1.552590e-08	1.577450e-08	1.602310e-08	1.627170e-08	1.652030e-08
1.446359e-08	1.470888e-08	1.495417e-08	1.519946e-08	1.544475e-08	1.569004e-08	1.593533e-08	1.618062e-08	1.642591e-08
1.420202e-08	1.448154e-08	1.476106e-08	1.504058e-08	1.532010e-08	1.559962e-08	1.587914e-08	1.615866e-08	1.643818e-08
1.421544e-08	1.448568e-08	1.475592e-08	1.502616e-08	1.529640e-08	1.556664e-08	1.583688e-08	1.610712e-08	1.637736e-08
1.399321e-08	1.427912e-08	1.456503e-08	1.485094e-08	1.513685e-08	1.542276e-08	1.570867e-08	1.599458e-08	1.628049e-08
1.383320e-08	1.409530e-08	1.435740e-08	1.461950e-08	1.488160e-08	1.514370e-08	1.540580e-08	1.566790e-08	1.593000e-08
1.381250e-08	1.405980e-08	1.430710e-08	1.455440e-08	1.480170e-08	1.504900e-08	1.529630e-08	1.554360e-08	1.579090e-08
1.373634e-08	1.402608e-08	1.431582e-08	1.460556e-08	1.489530e-08	1.518504e-08	1.547478e-08	1.576452e-08	1.605426e-08
1.367206e-08	1.397002e-08	1.426798e-08	1.456594e-08	1.486390e-08	1.516186e-08	1.545982e-08	1.575778e-08	1.605574e-08
1.354034e-08	1.384048e-08	1.414062e-08	1.444076e-08	1.474090e-08	1.504104e-08	1.534118e-08	1.564132e-08	1.594146e-08
1.357625e-08	1.384640e-08	1.411655e-08	1.438670e-08	1.465685e-08	1.492700e-08	1.519715e-08	1.546730e-08	1.573745e-08
1.349835e-08	1.377890e-08	1.405945e-08	1.434000e-08	1.462055e-08	1.490110e-08	1.518165e-08	1.546220e-08	1.574275e-08
1.338205e-08	1.364860e-08	1.391515e-08	1.418170e-08	1.444825e-08	1.471480e-08	1.498135e-08	1.524790e-08	1.551445e-08
1.325523e-08	1.355106e-08	1.384689e-08	1.414272e-08	1.443855e-08	1.473438e-08	1.503021e-08	1.532604e-08	1.562187e-08
1.349195e-08	1.374440e-08	1.399685e-08	1.424930e-08	1.450175e-08	1.475420e-08	1.500665e-08	1.525910e-08	1.551155e-08
1.313196e-08	1.342372e-08	1.371548e-08	1.400724e-08	1.429900e-08	1.459076e-08	1.488252e-08	1.517428e-08	1.546604e-08
1.290395e-08	1.316000e-08	1.341605e-08	1.367210e-08	1.392815e-08	1.418420e-08	1.444025e-08	1.469630e-08	1.495235e-08
1.298404e-08	1.326318e-08	1.354232e-08	1.382146e-08	1.410060e-08	1.437974e-08	1.465888e-08	1.493802e-08	1.521716e-08
1.301445e-08	1.329060e-08	1.356675e-08	1.384290e-08	1.411905e-08	1.439520e-08	1.467135e-08	1.494750e-08	1.522365e-08
1.284562e-08	1.312954e-08	1.341346e-08	1.369738e-08	1.398130e-08	1.426522e-08	1.454914e-08	1.483306e-08	1.511698e-08
1.282041e-08	1.310402e-08	1.338763e-08	1.367124e-08	1.395485e-08	1.423846e-08	1.452207e-08	1.480568e-08	1.508929e-08
1.285666e-08	1.312182e-08	1.338698e-08	1.365214e-08	1.391730e-08	1.418246e-08	1.444762e-08	1.471278e-08	1.497794e-08
1.272046e-08	1.298402e-08	1.324758e-08	1.351114e-08	1.377470e-08	1.403826e-08	1.430182e-08	1.456538e-08	1.482894e-08
1.257476e-08	1.285022e-08	1.312568e-08	1.340114e-08	1.367660e-08	1.395206e-08	1.422752e-08	1.450298e-08	1.477844e-08
1.240902e-08	1.267014e-08	1.293126e-08	1.319238e-08	1.345350e-08	1.371462e-08	1.397574e-08	1.423686e-08	1.449798e-08
1.236843e-08	1.263676e-08	1.290509e-08	1.317342e-08	1.344175e-08	1.371008e-08	1.397841e-08	1.424674e-08	1.451507e-08
1.231136e-08	1.259542e-08	1.287948e-08	1.316354e-08	1.344760e-08	1.373166e-08	1.401572e-08	1.429978e-08	1.458384e-08
1.211142e-08	1.237324e-08	1.263506e-08	1.289688e-08	1.315870e-08	1.342052e-08	1.368234e-08	1.394416e-08	1.420598e-08
1.232348e-08	1.257566e-08	1.282784e-08	1.308002e-08	1.333220e-08	1.358438e-08	1.383656e-08	1.408874e-08	1.434092e-08
1.216240e-08	1.242000e-08	1.267760e-08	1.293520e-08	1.319280e-08	1.345040e-08	1.370800e-08	1.396560e-08	1.422320e-08
1.200426e-08	1.225172e-08	1.249918e-08	1.274664e-08	1.299410e-08	1.324156e-08	1.348902e-08	1.373648e-08	1.398394e-08
1.200010e-08	1.226530e-08	1.253050e-08	1.279570e-08	1.306090e-08	1.332610e-08	1.359130e-08	1.385650e-08	1.412170e-08
1.189140e-08	1.213340e-08	1.237540e-08	1.261740e-08	1.285940e-08	1.310140e-08	1.334340e-08	1.358540e-08	1.382740e-08
1.178730e-08	1.203240e-08	1.227750e-08	1.252260e-08	1.276770e-08	1.301280e-08	1.325790e-08	1.350300e-08	1.374810e-08
1.178745e-08	1.202900e-08	1.227055e-08	1.251210e-08	1.275365e-08	1.299520e-08	1.323675e-08	1.347830e-08	1.371985e-08
1.154613e-08	1.181396e-08	1.208179e-08	1.234962e-08	1.261745e-08	1.288528e-08	1.315311e-08	1.342094e-08	1.368877e-08
1.160234e-08	1.189328e-08	1.218422e-08	1.247516e-08	1.276610e-08	1.305704e-08	1.334798e-08	1.363892e-08	1.392986e-08
1.161798e-08	1.186056e-08	1.210314e-08	1.234572e-08	1.258830e-08	1.283088e-08	1.307346e-08	1.331604e-08	1.355862e-08
1.141772e-08	1.167894e-08	1.194016e-08	1.220138e-08	1.246260e-08	1.272382e-08	1.298504e-08	1.324626e-08	1.350748e-08
1.137840e-08	1.162660e-08	1.187480e-08	1.212300e-08	1.237120e-08	1.261940e-08	1.286760e-08	1.311580e-08	1.336400e-08
1.144373e-08	1.169136e-08	1.193899e-08	1.218662e-08	1.243425e-08	1.268188e-08	1.292951e-08	1.317714e-08	1.342477e-08
1.124440e-08	1.151080e-08	1.177720e-08	1.204360e-08	1.231000e-08	1.257640e-08	1.284280e-08	1.310920e-08	1.337560e-08
1.126531e-08	1.150732e-08	1.174933e-08	1.199134e-08	1.223335e-08	1.247536e-08	1.271737e-08	1.295938e-08	1.320139e-08
1.128766e-08	1.153632e-08	1.178498e-08	1.203364e-08	1.228230e-08	1.253096e-08	1.277962e-08	1.302828e-08	1.327694e-08
1.104410e-08	1.129460e-08	1.154510e-08	1.179560e-08	1.204610e-08	1.229660e-08	1.254710e-08	1.279760e-08	1.304810e-08
1.103010e-08	1.128220e-08	1.153430e-08	1.178640e-08	1.203850e-08	1.229060e-08	1.254270e-08	1.279480e-08	1.304690e-08
1.074571e-08	1.101012e-08	1.127453e-08	1.153894e-08	1.180335e-08	1.206776e-08	1.233217e-08	1.259658e-08	1.286099e-08
1.084026e-08	1.111862e-08	1.139698e-08	1.167534e-08	1.195370e-08	1.223206e-08	1.251042e-08	1.278878e-08	1.306714e-08
1.085425e-08	1.110810e-08	1.136195e-08	1.161580e-08	1.186965e-08	1.212350e-08	1.237735e-08	1.263120e-08	1.288505e-08
1.070762e-08	1.095934e-08	1.121106e-08	1.146278e-08	1.171450e-08	1.196622e-08	1.221794e-08	1.246966e-08	1.272138e-08
1.067731e-08	1.092832e-08	1.117933e-08	1.143034e-08	1.168135e-08	1.193236e-08	1.218337e-08	1.243438e-08	1.268539e-08
1.056530e-08	1.083560e-08	1.110590e-08	1.137620e-08	1.164650e-08	1.191680e-08	1.218710e-08	1.245740e-08	1.272770e-08
1.055817e-08	1.079064e-08	1.102311e-08	1.125558e-08	1.148805e-08	1.172052e-08	1.195299e-08	1.218546e-08	1.241793e-08
1.032800e-08	1.057690e-08	1.082580e-08	1.107470e-08	1.132360e-08	1.157250e-08	1.182140e-08	1.207030e-08	1.231920e-08
1.044889e-08	1.069638e-08	1.094387e-08	1.119136e-08	1.143885e-08	1.168634e-08	1.193383e-08	1.218132e-08	1.242881e-08
1.030714e-08	1.055778e-08	1.080842e-08	1.105906e-08	1.130970e-08	1.156034e-08	1.181098e-08	1.206162e-08	1.231226e-08
1.029146e-08	1.054112e-08	1.079078e-08	1.104044e-08	1.129010e-08	1.153976e-08	1.178942e-08	1.203908e-08	1.228874e-08
1.027440e-08	1.052300e-08	1.077160e-08	1.102020e-08	1.126880e-08	1.151740e-08	1.176600e-08	1.201460e-08	1.226320e-08
1.023850e-08	1.047090e-08	1.070330e-08	1.093570e-08	1.116810e-08	1.140050e-08	1.163290e-08	1.186530e-08	1.209770e-08
1.024798e-08	1.047716e-08	1.070634e-08	1.093552e-08	1.116470e-08	1.139388e-08	1.162306e-08	1.185224e-08	1.208142e-08
1.007422e-08	1.032555e-08	1.057688e-08	1.082821e-08	1.107954e-08	1.133088e-08	1.158221e-08	1.183354e-08	1.208487e-08
1.016791e-08	1.037618e-08	1.058445e-08	1.079271e-08	1.100097e-08	1.120924e-08	1.141750e-08	1.162577e-08	1.183403e-08
9.958415e-09	1.018248e-08	1.040655e-08	1.063061e-08	1.085467e-08	1.107874e-08	1.130280e-08	1.152687e-08	1.175093e-08
9.806014e-09	1.005147e-08	1.029692e-08	1.054238e-08	1.078783e-08	1.103328e-08	1.127874e-08	1.152419e-08	1.176965e-08
9.831120e-09	1.007094e-08	1.031076e-08	1.055058e-08	1.079040e-08	1.103022e-08	1.127004e-08	1.150986e-08	1.174968e-08
9.929356e-09	1.012947e-08	1.032959e-08	1.052970e-08	1.072982e-08	1.092994e-08	1.113005e-08	1.133017e-08	1.153028e-08
9.661241e-09	9.893792e-09	1.012634e-08	1.035889e-08	1.059144e-08	1.082400e-08	1.105655e-08	1.128910e-08	1.152165e-08
9.502400e-09	9.762400e-09	1.002240e-08	1.028240e-08	1.054240e-08	1.080240e-08	1.106240e-08	1.132240e-08	1.158240e-08
9.662082e-09	9.891284e-09	1.012049e-08	1.034969e-08	1.057889e-08	1.080809e-08	1.103729e-08	1.126650e-08	1.149570e-08
9.668994e-09	9.893728e-09	1.011846e-08	1.034320e-08	1.056793e-08	1.079266e-08	1.101740e-08	1.124213e-08	1.146687e-08
9.446694e-09	9.674828e-09	9.902962e-09	1.013110e-08	1.035923e-08	1.058736e-08	1.081550e-08	1.104363e-08	1.127177e-08
9.411691e-09	9.644392e-09	9.877093e-09	1.010979e-08	1.034249e-08	1.057520e-08	1.080790e-08	1.104060e-08	1.127330e-08
9.476536e-09	9.684232e-09	9.891928e-09	1.009962e-08	1.030732e-08	1.051502e-08	1.072271e-08	1.093041e-08	1.113810e-08
9.318369e-09	9.537828e-09	9.757287e-09	9.976746e-09	1.019620e-08	1.041566e-08	1.063512e-08	1.085458e-08	1.107404e-08
9.233899e-09	9.461188e-09	9.688477e-09	9.915766e-09	1.014306e-08	1.037034e-08	1.059763e-08	1.082492e-08	1.105221e-08
9.121883e-09	9.354796e-09	9.587709e-09	9.820622e-09	1.005353e-08	1.028645e-08	1.051936e-08	1.075227e-08	1.098519e-08
8.996757e-09	9.221384e-09	9.446011e-09	9.670638e-09	9.895265e-09	1.011989e-08	1.034452e-08	1.056915e-08	1.079377e-08
9.175905e-09	9.404160e-09	9.632415e-09	9.860670e-09	1.008892e-08	1.031718e-08	1.054543e-08	1.077369e-08	1.100195e-08
9.008807e-09	9.230884e-09	9.452961e-09	9.675038e-09	9.897115e-09	1.011919e-08	1.034127e-08	1.056335e-08	1.078542e-08
9.134439e-09	9.317468e-09	9.500497e-09	9.683526e-09	9.866555e-09	1.004958e-08	1.023261e-08	1.041564e-08	1.059867e-08
8.855474e-09	9.090888e-09	9.326302e-09	9.561716e-09	9.797130e-09	1.003254e-08	1.026796e-08	1.050337e-08	1.073879e-08
9.025444e-09	9.225128e-09	9.424812e-09	9.624496e-09	9.824180e-09	1.002386e-08	1.022355e-08	1.042323e-08	1.062292e-08
8.868967e-09	9.112104e-09	9.355241e-09	9.598378e-09	9.841515e-09	1.008465e-08	1.032779e-08	1.057093e-08	1.081406e-08
8.808675e-09	9.037100e-09	9.265525e-09	9.493950e-09	9.722375e-09	9.950800e-09	1.017923e-08	1.040765e-08	1.063607e-08
8.918729e-09	9.138748e-09	9.358767e-09	9.578786e-09	9.798805e-09	1.001882e-08	1.023884e-08	1.045886e-08	1.067888e-08
8.689878e-09	8.918036e-09	9.146194e-09	9.374352e-09	9.602510e-09	9.830668e-09	1.005883e-08	1.028698e-08	1.051514e-08
8.597295e-09	8.813340e-09	9.029385e-09	9.245430e-09	9.461475e-09	9.677520e-09	9.893565e-09	1.010961e-08	1.032566e-08
8.666540e-09	8.860480e-09	9.054420e-09	9.248360e-09	9.442300e-09	9.636240e-09	9.830180e-09	1.002412e-08	1.021806e-08
8.572167e-09	8.771004e-09	8.969841e-09	9.168678e-09	9.367515e-09	9.566352e-09	9.765189e-09	9.964026e-09	1.016286e-08
8.456896e-09	8.660352e-09	8.863808e-09	9.067264e-09	9.270720e-09	9.474176e-09	9.677632e-09	9.881088e-09	1.008454e-08
8.458550e-09	8.675400e-09	8.892250e-09	9.109100e-09	9.325950e-09	9.542800e-09	9.759650e-09	9.976500e-09	1.019335e-08
8.490090e-09	8.690180e-09	8.890270e-09	9.090360e-09	9.290450e-09	9.490540e-09	9.690630e-09	9.890720e-09	1.009081e-08
8.313136e-09	8.531532e-09	8.749928e-09	8.968324e-09	9.186720e-09	9.405116e-09	9.623512e-09	9.841908e-09	1.006030e-08
8.254986e-09	8.487232e-09	8.719478e-09	8.951724e-09	9.183970e-09	9.416216e-09	9.648462e-09	9.880708e-09	1.011295e-08
8.212755e-09	8.444560e-09	8.676365e-09	8.908170e-09	9.139975e-09	9.371780e-09	9.603585e-09	9.835390e-09	1.006719e-08
8.170716e-09	8.405992e-09	8.641268e-09	8.876544e-09	9.111820e-09	9.347096e-09	9.582372e-09	9.817648e-09	1.005292e-08
8.233532e-09	8.440184e-09	8.646836e-09	8.853488e-09	9.060140e-09	9.266792e-09	9.473444e-09	9.680096e-09	9.886748e-09
8.131213e-09	8.347956e-09	8.564699e-09	8.781442e-09	8.998185e-09	9.214928e-09	9.431671e-09	9.648414e-09	9.865157e-09
8.032760e-09	8.260520e-09	8.488280e-09	8.716040e-09	8.943800e-09	9.171560e-09	9.399320e-09	9.627080e-09	9.854840e-09
7.891531e-09	8.109812e-09	8.328093e-09	8.546374e-09	8.764655e-09	8.982936e-09	9.201217e-09	9.419498e-09	9.637779e-09
8.018808e-09	8.218096e-09	8.417384e-09	8.616672e-09	8.815960e-09	9.015248e-09	9.214536e-09	9.413824e-09	9.613112e-09
7.930765e-09	8.145040e-09	8.359315e-09	8.573590e-09	8.787865e-09	9.002140e-09	9.216415e-09	9.430690e-09	9.644965e-09
7.945886e-09	8.147672e-09	8.349458e-09	8.551244e-09	8.753030e-09	8.954816e-09	9.156602e-09	9.358388e-09	9.560174e-09
7.732386e-09	7.976212e-09	8.220038e-09	8.463864e-09	8.707690e-09	8.951516e-09	9.195342e-09	9.439168e-09	9.682994e-09
7.886434e-09	8.091598e-09	8.296762e-09	8.501926e-09	8.707090e-09	8.912254e-09	9.117418e-09	9.322582e-09	9.527746e-09
7.862867e-09	8.045944e-09	8.229021e-09	8.412098e-09	8.595175e-09	8.778252e-09	8.961329e-09	9.144406e-09	9.327483e-09
7.634439e-09	7.838068e-09	8.041697e-09	8.245326e-09	8.448955e-09	8.652584e-09	8.856213e-09	9.059842e-09	9.263471e-09
7.588151e-09	7.799972e-09	8.011793e-09	8.223614e-09	8.435435e-09	8.647256e-09	8.859077e-09	9.070898e-09	9.282719e-09
7.573171e-09	7.786692e-09	8.000213e-09	8.213734e-09	8.427255e-09	8.640776e-09	8.854297e-09	9.067818e-09	9.281339e-09
7.551732e-09	7.749074e-09	7.946416e-09	8.143758e-09	8.341100e-09	8.538442e-09	8.735784e-09	8.933126e-09	9.130468e-09
7.551927e-09	7.770954e-09	7.989981e-09	8.209008e-09	8.428035e-09	8.647062e-09	8.866089e-09	9.085116e-09	9.304143e-09
7.447250e-09	7.661450e-09	7.875650e-09	8.089850e-09	8.304050e-09	8.518250e-09	8.732450e-09	8.946650e-09	9.160850e-09
7.440187e-09	7.638034e-09	7.835881e-09	8.033728e-09	8.231575e-09	8.429422e-09	8.627269e-09	8.825116e-09	9.022963e-09
7.361514e-09	7.577878e-09	7.794242e-09	8.010606e-09	8.226970e-09	8.443334e-09	8.659698e-09	8.876062e-09	9.092426e-09
7.400993e-09	7.608326e-09	7.815659e-09	8.022992e-09	8.230325e-09	8.437658e-09	8.644991e-09	8.852324e-09	9.059657e-09
7.239158e-09	7.450886e-09	7.662614e-09	7.874342e-09	8.086070e-09	8.297798e-09	8.509526e-09	8.721254e-09	8.932982e-09
7.336120e-09	7.534940e-09	7.733760e-09	7.932580e-09	8.131400e-09	8.330220e-09	8.529040e-09	8.727860e-09	8.926680e-09
7.262997e-09	7.443914e-09	7.624831e-09	7.805748e-09	7.986665e-09	8.167582e-09	8.348499e-09	8.529416e-09	8.710333e-09
7.045413e-09	7.283696e-09	7.521979e-09	7.760262e-09	7.998545e-09	8.236828e-09	8.475111e-09	8.713394e-09	8.951677e-09
7.120941e-09	7.325712e-09	7.530483e-09	7.735254e-09	7.940025e-09	8.144796e-09	8.349567e-09	8.554338e-09	8.759109e-09
7.050893e-09	7.261196e-09	7.471499e-09	7.681802e-09	7.892105e-09	8.102408e-09	8.312711e-09	8.523014e-09	8.733317e-09
7.145987e-09	7.347104e-09	7.548221e-09	7.749338e-09	7.950455e-09	8.151572e-09	8.352689e-09	8.553806e-09	8.754923e-09
7.028549e-09	7.246938e-09	7.465327e-09	7.683716e-09	7.902105e-09	8.120494e-09	8.338883e-09	8.557272e-09	8.775661e-09
7.029633e-09	7.215096e-09	7.400559e-09	7.586022e-09	7.771485e-09	7.956948e-09	8.142411e-09	8.327874e-09	8.513337e-09
6.977401e-09	7.163602e-09	7.349803e-09	7.536004e-09	7.722205e-09	7.908406e-09	8.094607e-09	8.280808e-09	8.467009e-09
6.990950e-09	7.180230e-09	7.369510e-09	7.558790e-09	7.748070e-09	7.937350e-09	8.126630e-09	8.315910e-09	8.505190e-09
6.954020e-09	7.161240e-09	7.368460e-09	7.575680e-09	7.782900e-09	7.990120e-09	8.197340e-09	8.404560e-09	8.611780e-09
6.724098e-09	6.909786e-09	7.095474e-09	7.281162e-09	7.466850e-09	7.652538e-09	7.838226e-09	8.023914e-09	8.209602e-09
6.698607e-09	6.901564e-09	7.104521e-09	7.307478e-09	7.510435e-09	7.713392e-09	7.916349e-09	8.119306e-09	8.322263e-09
6.688588e-09	6.872906e-09	7.057224e-09	7.241542e-09	7.425860e-09	7.610178e-09	7.794496e-09	7.978814e-09	8.163132e-09
6.802849e-09	6.982408e-09	7.161967e-09	7.341526e-09	7.521085e-09	7.700644e-09	7.880203e-09	8.059762e-09	8.239321e-09
6.684808e-09	6.866156e-09	7.047504e-09	7.228852e-09	7.410200e-09	7.591548e-09	7.772896e-09	7.954244e-09	8.135592e-09
6.534357e-09	6.724484e-09	6.914611e-09	7.104738e-09	7.294865e-09	7.484992e-09	7.675119e-09	7.865246e-09	8.055373e-09
6.587540e-09	6.776380e-09	6.965220e-09	7.154060e-09	7.342900e-09	7.531740e-09	7.720580e-09	7.909420e-09	8.098260e-09
6.535587e-09	6.742634e-09	6.949681e-09	7.156728e-09	7.363775e-09	7.570822e-09	7.777869e-09	7.984916e-09	8.191963e-09
6.578025e-09	6.786750e-09	6.995475e-09	7.204200e-09	7.412925e-09	7.621650e-09	7.830375e-09	8.039100e-09	8.247825e-09
6.403201e-09	6.591132e-09	6.779063e-09	6.966994e-09	7.154925e-09	7.342856e-09	7.530787e-09	7.718718e-09	7.906649e-09
6.413693e-09	6.604076e-09	6.794459e-09	6.984842e-09	7.175225e-09	7.365608e-09	7.555991e-09	7.746374e-09	7.936757e-09
6.358620e-09	6.551600e-09	6.744580e-09	6.937560e-09	7.130540e-09	7.323520e-09	7.516500e-09	7.709480e-09	7.902460e-09
6.322416e-09	6.524742e-09	6.727068e-09	6.929394e-09	7.131720e-09	7.334046e-09	7.536372e-09	7.738698e-09	7.941024e-09
6.379911e-09	6.570732e-09	6.761553e-09	6.952374e-09	7.143195e-09	7.334016e-09	7.524837e-09	7.715658e-09	7.906479e-09
6.289848e-09	6.483196e-09	6.676544e-09	6.869892e-09	7.063240e-09	7.256588e-09	7.449936e-09	7.643284e-09	7.836632e-09
6.237269e-09	6.420038e-09	6.602807e-09	6.785576e-09	6.968345e-09	7.151114e-09	7.333883e-09	7.516652e-09	7.699421e-09
6.116313e-09	6.276836e-09	6.437359e-09	6.597882e-09	6.758405e-09	6.918928e-09	7.079451e-09	7.239974e-09	7.400497e-09
6.064990e-09	6.262980e-09	6.460970e-09	6.658960e-09	6.856950e-09	7.054940e-09	7.252930e-09	7.450920e-09	7.648910e-09
5.962874e-09	6.186128e-09	6.409382e-09	6.632636e-09	6.855890e-09	7.079144e-09	7.302398e-09	7.525652e-09	7.748906e-09
6.217093e-09	6.393006e-09	6.568919e-09	6.744832e-09	6.920745e-09	7.096658e-09	7.272571e-09	7.448484e-09	7.624397e-09
5.865820e-09	6.074480e-09	6.283140e-09	6.491800e-09	6.700460e-09	6.909120e-09	7.117780e-09	7.326440e-09	7.535100e-09
6.062106e-09	6.247922e-09	6.433738e-09	6.619554e-09	6.805370e-09	6.991186e-09	7.177002e-09	7.362818e-09	7.548634e-09
5.909523e-09	6.086546e-09	6.263569e-09	6.440592e-09	6.617615e-09	6.794638e-09	6.971661e-09	7.148684e-09	7.325707e-09
5.893495e-09	6.081720e-09	6.269945e-09	6.458170e-09	6.646395e-09	6.834620e-09	7.022845e-09	7.211070e-09	7.399295e-09
5.917857e-09	6.119324e-09	6.320791e-09	6.522258e-09	6.723725e-09	6.925192e-09	7.126659e-09	7.328126e-09	7.529593e-09
5.941451e-09	6.117562e-09	6.293673e-09	6.469784e-09	6.645895e-09	6.822006e-09	6.998117e-09	7.174228e-09	7.350339e-09
5.794266e-09	5.994602e-09	6.194938e-09	6.395274e-09	6.595610e-09	6.795946e-09	6.996282e-09	7.196618e-09	7.396954e-09
5.913996e-09	6.079682e-09	6.245368e-09	6.411054e-09	6.576740e-09	6.742426e-09	6.908112e-09	7.073798e-09	7.239484e-09
5.831859e-09	5.994318e-09	6.156777e-09	6.319236e-09	6.481695e-09	6.644154e-09	6.806613e-09	6.969072e-09	7.131531e-09
5.630032e-09	5.822064e-09	6.014096e-09	6.206128e-09	6.398160e-09	6.590192e-09	6.782224e-09	6.974256e-09	7.166288e-09
5.724339e-09	5.914508e-09	6.104677e-09	6.294846e-09	6.485015e-09	6.675184e-09	6.865353e-09	7.055522e-09	7.245691e-09
5.572439e-09	5.747928e-09	5.923417e-09	6.098906e-09	6.274395e-09	6.449884e-09	6.625373e-09	6.800862e-09	6.976351e-09
5.612190e-09	5.782450e-09	5.952710e-09	6.122970e-09	6.293230e-09	6.463490e-09	6.633750e-09	6.804010e-09	6.974270e-09
5.680567e-09	5.845534e-09	6.010501e-09	6.175468e-09	6.340435e-09	6.505402e-09	6.670369e-09	6.835336e-09	7.000303e-09
5.540930e-09	5.721980e-09	5.903030e-09	6.084080e-09	6.265130e-09	6.446180e-09	6.627230e-09	6.808280e-09	6.989330e-09
5.495533e-09	5.697746e-09	5.899959e-09	6.102172e-09	6.304385e-09	6.506598e-09	6.708811e-09	6.911024e-09	7.113237e-09
5.544485e-09	5.685740e-09	5.826995e-09	5.968250e-09	6.109505e-09	6.250760e-09	6.392015e-09	6.533270e-09	6.674525e-09
5.564873e-09	5.733796e-09	5.902719e-09	6.071642e-09	6.240565e-09	6.409488e-09	6.578411e-09	6.747334e-09	6.916257e-09
5.370201e-09	5.547412e-09	5.724623e-09	5.901834e-09	6.079045e-09	6.256256e-09	6.433467e-09	6.610678e-09	6.787889e-09
5.429254e-09	5.604518e-09	5.779782e-09	5.955046e-09	6.130310e-09	6.305574e-09	6.480838e-09	6.656102e-09	6.831366e-09
5.303936e-09	5.478402e-09	5.652868e-09	5.827334e-09	6.001800e-09	6.176266e-09	6.350732e-09	6.525198e-09	6.699664e-09
5.358835e-09	5.553190e-09	5.747545e-09	5.941900e-09	6.136255e-09	6.330610e-09	6.524965e-09	6.719320e-09	6.913675e-09
5.297417e-09	5.469704e-09	5.641991e-09	5.814278e-09	5.986565e-09	6.158852e-09	6.331139e-09	6.503426e-09	6.675713e-09
5.210735e-09	5.374210e-09	5.537685e-09	5.701160e-09	5.864635e-09	6.028110e-09	6.191585e-09	6.355060e-09	6.518535e-09
5.185279e-09	5.369738e-09	5.554197e-09	5.738656e-09	5.923115e-09	6.107574e-09	6.292033e-09	6.476492e-09	6.660951e-09
5.340394e-09	5.490318e-09	5.640242e-09	5.790166e-09	5.940090e-09	6.090014e-09	6.239938e-09	6.389862e-09	6.539786e-09
5.070170e-09	5.259740e-09	5.449310e-09	5.638880e-09	5.828450e-09	6.018020e-09	6.207590e-09	6.397160e-09	6.586730e-09
5.186123e-09	5.350736e-09	5.515349e-09	5.679962e-09	5.844575e-09	6.009188e-09	6.173801e-09	6.338414e-09	6.503027e-09
5.122137e-09	5.284084e-09	5.446031e-09	5.607978e-09	5.769925e-09	5.931872e-09	6.093819e-09	6.255766e-09	6.417713e-09
5.122126e-09	5.280072e-09	5.438018e-09	5.595964e-09	5.753910e-09	5.911856e-09	6.069802e-09	6.227748e-09	6.385694e-09
4.987165e-09	5.177850e-09	5.368535e-09	5.559220e-09	5.749905e-09	5.940590e-09	6.131275e-09	6.321960e-09	6.512645e-09
5.024860e-09	5.203700e-09	5.382540e-09	5.561380e-09	5.740220e-09	5.919060e-09	6.097900e-09	6.276740e-09	6.455580e-09
5.021235e-09	5.174760e-09	5.328285e-09	5.481810e-09	5.635335e-09	5.788860e-09	5.942385e-09	6.095910e-09	6.249435e-09
4.850092e-09	5.024064e-09	5.198036e-09	5.372008e-09	5.545980e-09	5.719952e-09	5.893924e-09	6.067896e-09	6.241868e-09
4.965629e-09	5.131748e-09	5.297867e-09	5.463986e-09	5.630105e-09	5.796224e-09	5.962343e-09	6.128462e-09	6.294581e-09
4.896858e-09	5.071416e-09	5.245974e-09	5.420532e-09	5.595090e-09	5.769648e-09	5.944206e-09	6.118764e-09	6.293322e-09
4.952337e-09	5.112224e-09	5.272111e-09	5.431998e-09	5.591885e-09	5.751772e-09	5.911659e-09	6.071546e-09	6.231433e-09
4.777427e-09	4.948774e-09	5.120121e-09	5.291468e-09	5.462815e-09	5.634162e-09	5.805509e-09	5.976856e-09	6.148203e-09
4.852095e-09	5.000740e-09	5.149385e-09	5.298030e-09	5.446675e-09	5.595320e-09	5.743965e-09	5.892610e-09	6.041255e-09
4.864663e-09	5.017656e-09	5.170649e-09	5.323642e-09	5.476635e-09	5.629628e-09	5.782621e-09	5.935614e-09	6.088607e-09
4.815875e-09	4.976630e-09	5.137385e-09	5.298140e-09	5.458895e-09	5.619650e-09	5.780405e-09	5.941160e-09	6.101915e-09
4.643989e-09	4.842418e-09	5.040847e-09	5.239276e-09	5.437705e-09	5.636134e-09	5.834563e-09	6.032992e-09	6.231421e-09
4.592112e-09	4.765664e-09	4.939216e-09	5.112768e-09	5.286320e-09	5.459872e-09	5.633424e-09	5.806976e-09	5.980528e-09
4.720203e-09	4.885016e-09	5.049829e-09	5.214642e-09	5.379455e-09	5.544268e-09	5.709081e-09	5.873894e-09	6.038707e-09
4.639745e-09	4.808690e-09	4.977635e-09	5.146580e-09	5.315525e-09	5.484470e-09	5.653415e-09	5.822360e-09	5.991305e-09
4.627443e-09	4.779156e-09	4.930869e-09	5.082582e-09	5.234295e-09	5.386008e-09	5.537721e-09	5.689434e-09	5.841147e-09
4.533080e-09	4.681780e-09	4.830480e-09	4.979180e-09	5.127880e-09	5.276580e-09	5.425280e-09	5.573980e-09	5.722680e-09
4.599322e-09	4.760014e-09	4.920706e-09	5.081398e-09	5.242090e-09	5.402782e-09	5.563474e-09	5.724166e-09	5.884858e-09
4.441960e-09	4.616260e-09	4.790560e-09	4.964860e-09	5.139160e-09	5.313460e-09	5.487760e-09	5.662060e-09	5.836360e-09
4.543367e-09	4.689964e-09	4.836561e-09	4.983158e-09	5.129755e-09	5.276352e-09	5.422949e-09	5.569546e-09	5.716143e-09
4.383604e-09	4.546948e-09	4.710292e-09	4.873636e-09	5.036980e-09	5.200324e-09	5.363668e-09	5.527012e-09	5.690356e-09
4.333031e-09	4.490062e-09	4.647093e-09	4.804124e-09	4.961155e-09	5.118186e-09	5.275217e-09	5.432248e-09	5.589279e-09
4.348731e-09	4.518142e-09	4.687553e-09	4.856964e-09	5.026375e-09	5.195786e-09	5.365197e-09	5.534608e-09	5.704019e-09
4.453637e-09	4.618754e-09	4.783871e-09	4.948988e-09	5.114105e-09	5.279222e-09	5.444339e-09	5.609456e-09	5.774573e-09
4.279788e-09	4.428986e-09	4.578184e-09	4.727382e-09	4.876580e-09	5.025778e-09	5.174976e-09	5.324174e-09	5.473372e-09
4.324345e-09	4.467610e-09	4.610875e-09	4.754140e-09	4.897405e-09	5.040670e-09	5.183935e-09	5.327200e-09	5.470465e-09
4.338391e-09	4.494892e-09	4.651393e-09	4.807894e-09	4.964395e-09	5.120896e-09	5.277397e-09	5.433898e-09	5.590399e-09
4.293196e-09	4.458522e-09	4.623848e-09	4.789174e-09	4.954500e-09	5.119826e-09	5.285152e-09	5.450478e-09	5.615804e-09
4.151363e-09	4.308436e-09	4.465509e-09	4.622582e-09	4.779655e-09	4.936728e-09	5.093801e-09	5.250874e-09	5.407947e-09
4.169026e-09	4.327282e-09	4.485538e-09	4.643794e-09	4.802050e-09	4.960306e-09	5.118562e-09	5.276818e-09	5.435074e-09
4.253518e-09	4.396486e-09	4.539454e-09	4.682422e-09	4.825390e-09	4.968358e-09	5.111326e-09	5.254294e-09	5.397262e-09
4.104675e-09	4.262970e-09	4.421265e-09	4.579560e-09	4.737855e-09	4.896150e-09	5.054445e-09	5.212740e-09	5.371035e-09
4.189564e-09	4.339888e-09	4.490212e-09	4.640536e-09	4.790860e-09	4.941184e-09	5.091508e-09	5.241832e-09	5.392156e-09
3.993313e-09	4.160556e-09	4.327799e-09	4.495042e-09	4.662285e-09	4.829528e-09	4.996771e-09	5.164014e-09	5.331257e-09
4.055148e-09	4.196766e-09	4.338384e-09	4.480002e-09	4.621620e-09	4.763238e-09	4.904856e-09	5.046474e-09	5.188092e-09
4.103831e-09	4.243192e-09	4.382553e-09	4.521914e-09	4.661275e-09	4.800636e-09	4.939997e-09	5.079358e-09	5.218719e-09
4.190223e-09	4.335276e-09	4.480329e-09	4.625382e-09	4.770435e-09	4.915488e-09	5.060541e-09	5.205594e-09	5.350647e-09
3.998813e-09	4.159426e-09	4.320039e-09	4.480652e-09	4.641265e-09	4.801878e-09	4.962491e-09	5.123104e-09	5.283717e-09
4.036310e-09	4.196530e-09	4.356750e-09	4.516970e-09	4.677190e-09	4.837410e-09	4.997630e-09	5.157850e-09	5.318070e-09
3.945886e-09	4.112342e-09	4.278798e-09	4.445254e-09	4.611710e-09	4.778166e-09	4.944622e-09	5.111078e-09	5.277534e-09
4.007929e-09	4.170808e-09	4.333687e-09	4.496566e-09	4.659445e-09	4.822324e-09	4.985203e-09	5.148082e-09	5.310961e-09
3.980585e-09	4.139140e-09	4.297695e-09	4.456250e-09	4.614805e-09	4.773360e-09	4.931915e-09	5.090470e-09	5.249025e-09
3.939499e-09	4.088458e-09	4.237417e-09	4.386376e-09	4.535335e-09	4.684294e-09	4.833253e-09	4.982212e-09	5.131171e-09
3.877672e-09	4.024624e-09	4.171576e-09	4.318528e-09	4.465480e-09	4.612432e-09	4.759384e-09	4.906336e-09	5.053288e-09
3.846607e-09	4.005384e-09	4.164161e-09	4.322938e-09	4.481715e-09	4.640492e-09	4.799269e-09	4.958046e-09	5.116823e-09
3.730052e-09	3.890254e-09	4.050456e-09	4.210658e-09	4.370860e-09	4.531062e-09	4.691264e-09	4.851466e-09	5.011668e-09
3.709405e-09	3.861120e-09	4.012835e-09	4.164550e-09	4.316265e-09	4.467980e-09	4.619695e-09	4.771410e-09	4.923125e-09
3.741577e-09	3.896644e-09	4.051711e-09	4.206778e-09	4.361845e-09	4.516912e-09	4.671979e-09	4.827046e-09	4.982113e-09
3.770061e-09	3.913952e-09	4.057843e-09	4.201734e-09	4.345625e-09	4.489516e-09	4.633407e-09	4.777298e-09	4.921189e-09
3.677452e-09	3.819264e-09	3.961076e-09	4.102888e-09	4.244700e-09	4.386512e-09	4.528324e-09	4.670136e-09	4.811948e-09
3.705669e-09	3.856138e-09	4.006607e-09	4.157076e-09	4.307545e-09	4.458014e-09	4.608483e-09	4.758952e-09	4.909421e-09
3.693756e-09	3.853272e-09	4.012788e-09	4.172304e-09	4.331820e-09	4.491336e-09	4.650852e-09	4.810368e-09	4.969884e-09
3.636446e-09	3.791712e-09	3.946978e-09	4.102244e-09	4.257510e-09	4.412776e-09	4.568042e-09	4.723308e-09	4.878574e-09
3.547206e-09	3.719372e-09	3.891538e-09	4.063704e-09	4.235870e-09	4.408036e-09	4.580202e-09	4.752368e-09	4.924534e-09
3.633511e-09	3.771692e-09	3.909873e-09	4.048054e-09	4.186235e-09	4.324416e-09	4.462597e-09	4.600778e-09	4.738959e-09
3.524102e-09	3.658284e-09	3.792466e-09	3.926648e-09	4.060830e-09	4.195012e-09	4.329194e-09	4.463376e-09	4.597558e-09
3.503933e-09	3.650966e-09	3.797999e-09	3.945032e-09	4.092065e-09	4.239098e-09	4.386131e-09	4.533164e-09	4.680197e-09
3.582289e-09	3.736018e-09	3.889747e-09	4.043476e-09	4.197205e-09	4.350934e-09	4.504663e-09	4.658392e-09	4.812121e-09
3.415007e-09	3.584074e-09	3.753141e-09	3.922208e-09	4.091275e-09	4.260342e-09	4.429409e-09	4.598476e-09	4.767543e-09
3.459694e-09	3.598448e-09	3.737202e-09	3.875956e-09	4.014710e-09	4.153464e-09	4.292218e-09	4.430972e-09	4.569726e-09
3.488765e-09	3.644800e-09	3.800835e-09	3.956870e-09	4.112905e-09	4.268940e-09	4.424975e-09	4.581010e-09	4.737045e-09
3.465684e-09	3.616538e-09	3.767392e-09	3.918246e-09	4.069100e-09	4.219954e-09	4.370808e-09	4.521662e-09	4.672516e-09
3.296987e-09	3.444974e-09	3.592961e-09	3.740948e-09	3.888935e-09	4.036922e-09	4.184909e-09	4.332896e-09	4.480883e-09
3.403734e-09	3.539158e-09	3.674582e-09	3.810006e-09	3.945430e-09	4.080854e-09	4.216278e-09	4.351702e-09	4.487126e-09
3.379852e-09	3.519274e-09	3.658696e-09	3.798118e-09	3.937540e-09	4.076962e-09	4.216384e-09	4.355806e-09	4.495228e-09
3.400256e-09	3.549372e-09	3.698488e-09	3.847604e-09	3.996720e-09	4.145836e-09	4.294952e-09	4.444068e-09	4.593184e-09
3.386628e-09	3.530686e-09	3.674744e-09	3.818802e-09	3.962860e-09	4.106918e-09	4.250976e-09	4.395034e-09	4.539092e-09
3.337982e-09	3.483104e-09	3.628226e-09	3.773348e-09	3.918470e-09	4.063592e-09	4.208714e-09	4.353836e-09	4.498958e-09
3.219081e-09	3.375472e-09	3.531863e-09	3.688254e-09	3.844645e-09	4.001036e-09	4.157427e-09	4.313818e-09	4.470209e-09
3.243911e-09	3.390492e-09	3.537073e-09	3.683654e-09	3.830235e-09	3.976816e-09	4.123397e-09	4.269978e-09	4.416559e-09
3.279997e-09	3.415044e-09	3.550091e-09	3.685138e-09	3.820185e-09	3.955232e-09	4.090279e-09	4.225326e-09	4.360373e-09
3.151436e-09	3.312352e-09	3.473268e-09	3.634184e-09	3.795100e-09	3.956016e-09	4.116932e-09	4.277848e-09	4.438764e-09
3.215945e-09	3.357060e-09	3.498175e-09	3.639290e-09	3.780405e-09	3.921520e-09	4.062635e-09	4.203750e-09	4.344865e-09
3.165277e-09	3.318734e-09	3.472191e-09	3.625648e-09	3.779105e-09	3.932562e-09	4.086019e-09	4.239476e-09	4.392933e-09
3.020837e-09	3.179954e-09	3.339071e-09	3.498188e-09	3.657305e-09	3.816422e-09	3.975539e-09	4.134656e-09	4.293773e-09
3.104822e-09	3.254534e-09	3.404246e-09	3.553958e-09	3.703670e-09	3.853382e-09	4.003094e-09	4.152806e-09	4.302518e-09
2.997953e-09	3.144106e-09	3.290259e-09	3.436412e-09	3.582565e-09	3.728718e-09	3.874871e-09	4.021024e-09	4.167177e-09
3.077436e-09	3.217822e-09	3.358208e-09	3.498594e-09	3.638980e-09	3.779366e-09	3.919752e-09	4.060138e-09	4.200524e-09
3.038335e-09	3.176140e-09	3.313945e-09	3.451750e-09	3.589555e-09	3.727360e-09	3.865165e-09	4.002970e-09	4.140775e-09
3.021895e-09	3.166230e-09	3.310565e-09	3.454900e-09	3.599235e-09	3.743570e-09	3.887905e-09	4.032240e-09	4.176575e-09
3.008675e-09	3.153660e-09	3.298645e-09	3.443630e-09	3.588615e-09	3.733600e-09	3.878585e-09	4.023570e-09	4.168555e-09
3.003107e-09	3.163234e-09	3.323361e-09	3.483488e-09	3.643615e-09	3.803742e-09	3.963869e-09	4.123996e-09	4.284123e-09
2.967910e-09	3.101770e-09	3.235630e-09	3.369490e-09	3.503350e-09	3.637210e-09	3.771070e-09	3.904930e-09	4.038790e-09
2.952478e-09	3.114486e-09	3.276494e-09	3.438502e-09	3.600510e-09	3.762518e-09	3.924526e-09	4.086534e-09	4.248542e-09
2.833117e-09	2.984014e-09	3.134911e-09	3.285808e-09	3.436705e-09	3.587602e-09	3.738499e-09	3.889396e-09	4.040293e-09
2.859383e-09	3.011976e-09	3.164569e-09	3.317162e-09	3.469755e-09	3.622348e-09	3.774941e-09	3.927534e-09	4.080127e-09
2.793648e-09	2.949706e-09	3.105764e-09	3.261822e-09	3.417880e-09	3.573938e-09	3.729996e-09	3.886054e-09	4.042112e-09
2.780843e-09	2.919916e-09	3.058989e-09	3.198062e-09	3.337135e-09	3.476208e-09	3.615281e-09	3.754354e-09	3.893427e-09
2.733586e-09	2.877932e-09	3.022278e-09	3.166624e-09	3.310970e-09	3.455316e-09	3.599662e-09	3.744008e-09	3.888354e-09
2.859339e-09	3.008318e-09	3.157297e-09	3.306276e-09	3.455255e-09	3.604234e-09	3.753213e-09	3.902192e-09	4.051171e-09
2.770386e-09	2.914032e-09	3.057678e-09	3.201324e-09	3.344970e-09	3.488616e-09	3.632262e-09	3.775908e-09	3.919554e-09
2.746699e-09	2.899208e-09	3.051717e-09	3.204226e-09	3.356735e-09	3.509244e-09	3.661753e-09	3.814262e-09	3.966771e-09
2.685343e-09	2.835056e-09	2.984769e-09	3.134482e-09	3.284195e-09	3.433908e-09	3.583621e-09	3.733334e-09	3.883047e-09
2.685512e-09	2.842184e-09	2.998856e-09	3.155528e-09	3.312200e-09	3.468872e-09	3.625544e-09	3.782216e-09	3.938888e-09
2.709272e-09	2.847754e-09	2.986236e-09	3.124718e-09	3.263200e-09	3.401682e-09	3.540164e-09	3.678646e-09	3.817128e-09
2.619896e-09	2.763162e-09	2.906428e-09	3.049694e-09	3.192960e-09	3.336226e-09	3.479492e-09	3.622758e-09	3.766024e-09
2.612078e-09	2.771866e-09	2.931654e-09	3.091442e-09	3.251230e-09	3.411018e-09	3.570806e-09	3.730594e-09	3.890382e-09
2.661847e-09	2.808544e-09	2.955241e-09	3.101938e-09	3.248635e-09	3.395332e-09	3.542029e-09	3.688726e-09	3.835423e-09
2.674319e-09	2.815688e-09	2.957057e-09	3.098426e-09	3.239795e-09	3.381164e-09	3.522533e-09	3.663902e-09	3.805271e-09
2.533510e-09	2.670270e-09	2.807030e-09	2.943790e-09	3.080550e-09	3.217310e-09	3.354070e-09	3.490830e-09	3.627590e-09
2.559562e-09	2.701794e-09	2.844026e-09	2.986258e-09	3.128490e-09	3.270722e-09	3.412954e-09	3.555186e-09	3.697418e-09
2.552068e-09	2.689786e-09	2.827504e-09	2.965222e-09	3.102940e-09	3.240658e-09	3.378376e-09	3.516094e-09	3.653812e-09
2.491524e-09	2.636988e-09	2.782452e-09	2.927916e-09	3.073380e-09	3.218844e-09	3.364308e-09	3.509772e-09	3.655236e-09
2.530478e-09	2.690996e-09	2.851514e-09	3.012032e-09	3.172550e-09	3.333068e-09	3.493586e-09	3.654104e-09	3.814622e-09
2.519810e-09	2.652400e-09	2.784990e-09	2.917580e-09	3.050170e-09	3.182760e-09	3.315350e-09	3.447940e-09	3.580530e-09
2.504442e-09	2.656984e-09	2.809526e-09	2.962068e-09	3.114610e-09	3.267152e-09	3.419694e-09	3.572236e-09	3.724778e-09
2.448268e-09	2.590246e-09	2.732224e-09	2.874202e-09	3.016180e-09	3.158158e-09	3.300136e-09	3.442114e-09	3.584092e-09
2.427149e-09	2.579618e-09	2.732087e-09	2.884556e-09	3.037025e-09	3.189494e-09	3.341963e-09	3.494432e-09	3.646901e-09
2.434399e-09	2.569538e-09	2.704677e-09	2.839816e-09	2.974955e-09	3.110094e-09	3.245233e-09	3.380372e-09	3.515511e-09
2.360151e-09	2.497692e-09	2.635233e-09	2.772774e-09	2.910315e-09	3.047856e-09	3.185397e-09	3.322938e-09	3.460479e-09
2.391127e-09	2.527714e-09	2.664301e-09	2.800888e-09	2.937475e-09	3.074062e-09	3.210649e-09	3.347236e-09	3.483823e-09
2.336254e-09	2.477638e-09	2.619022e-09	2.760406e-09	2.901790e-09	3.043174e-09	3.184558e-09	3.325942e-09	3.467326e-09
2.302681e-09	2.450092e-09	2.597503e-09	2.744914e-09	2.892325e-09	3.039736e-09	3.187147e-09	3.334558e-09	3.481969e-09
2.374508e-09	2.503926e-09	2.633344e-09	2.762762e-09	2.892180e-09	3.021598e-09	3.151016e-09	3.280434e-09	3.409852e-09
2.311713e-09	2.445996e-09	2.580279e-09	2.714562e-09	2.848845e-09	2.983128e-09	3.117411e-09	3.251694e-09	3.385977e-09
2.275757e-09	2.407774e-09	2.539791e-09	2.671808e-09	2.803825e-09	2.935842e-09	3.067859e-09	3.199876e-09	3.331893e-09
2.218579e-09	2.366718e-09	2.514857e-09	2.662996e-09	2.811135e-09	2.959274e-09	3.107413e-09	3.255552e-09	3.403691e-09
2.194679e-09	2.342808e-09	2.490937e-09	2.639066e-09	2.787195e-09	2.935324e-09	3.083453e-09	3.231582e-09	3.379711e-09
2.218000e-09	2.358000e-09	2.498000e-09	2.638000e-09	2.778000e-09	2.918000e-09	3.058000e-09	3.198000e-09	3.338000e-09
2.325552e-09	2.466464e-09	2.607376e-09	2.748288e-09	2.889200e-09	3.030112e-09	3.171024e-09	3.311936e-09	3.452848e-09
2.187049e-09	2.322698e-09	2.458347e-09	2.593996e-09	2.729645e-09	2.865294e-09	3.000943e-09	3.136592e-09	3.272241e-09
2.134227e-09	2.286894e-09	2.439561e-09	2.592228e-09	2.744895e-09	2.897562e-09	3.050229e-09	3.202896e-09	3.355563e-09
2.214942e-09	2.354904e-09	2.494866e-09	2.634828e-09	2.774790e-09	2.914752e-09	3.054714e-09	3.194676e-09	3.334638e-09
2.120140e-09	2.267350e-09	2.414560e-09	2.561770e-09	2.708980e-09	2.856190e-09	3.003400e-09	3.150610e-09	3.297820e-09
2.053937e-09	2.194164e-09	2.334391e-09	2.474618e-09	2.614845e-09	2.755072e-09	2.895299e-09	3.035526e-09	3.175753e-09
2.094967e-09	2.225754e-09	2.356541e-09	2.487328e-09	2.618115e-09	2.748902e-09	2.879689e-09	3.010476e-09	3.141263e-09
2.081506e-09	2.217392e-09	2.353278e-09	2.489164e-09	2.625050e-09	2.760936e-09	2.896822e-09	3.032708e-09	3.168594e-09
2.029386e-09	2.155122e-09	2.280858e-09	2.406594e-09	2.532330e-09	2.658066e-09	2.783802e-09	2.909538e-09	3.035274e-09
2.032494e-09	2.189258e-09	2.346022e-09	2.502786e-09	2.659550e-09	2.816314e-09	2.973078e-09	3.129842e-09	3.286606e-09
2.034001e-09	2.160782e-09	2.287563e-09	2.414344e-09	2.541125e-09	2.667906e-09	2.794687e-09	2.921468e-09	3.048249e-09
1.931398e-09	2.065016e-09	2.198634e-09	2.332252e-09	2.465870e-09	2.599488e-09	2.733106e-09	2.866724e-09	3.000342e-09
1.967467e-09	2.105274e-09	2.243081e-09	2.380888e-09	2.518695e-09	2.656502e-09	2.794309e-09	2.932116e-09	3.069923e-09
1.908288e-09	2.053526e-09	2.198764e-09	2.344002e-09	2.489240e-09	2.634478e-09	2.779716e-09	2.924954e-09	3.070192e-09
1.953671e-09	2.081942e-09	2.210213e-09	2.338484e-09	2.466755e-09	2.595026e-09	2.723297e-09	2.851568e-09	2.979839e-09
1.875136e-09	2.024892e-09	2.174648e-09	2.324404e-09	2.474160e-09	2.623916e-09	2.773672e-09	2.923428e-09	3.073184e-09
1.905212e-09	2.047964e-09	2.190716e-09	2.333468e-09	2.476220e-09	2.618972e-09	2.761724e-09	2.904476e-09	3.047228e-09
1.931326e-09	2.070622e-09	2.209918e-09	2.349214e-09	2.488510e-09	2.627806e-09	2.767102e-09	2.906398e-09	3.045694e-09
1.853523e-09	1.989186e-09	2.124849e-09	2.260512e-09	2.396175e-09	2.531838e-09	2.667501e-09	2.803164e-09	2.938827e-09
1.862225e-09	2.007760e-09	2.153295e-09	2.298830e-09	2.444365e-09	2.589900e-09	2.735435e-09	2.880970e-09	3.026505e-09
1.899106e-09	2.026292e-09	2.153478e-09	2.280664e-09	2.407850e-09	2.535036e-09	2.662222e-09	2.789408e-09	2.916594e-09
1.772760e-09	1.909370e-09	2.045980e-09	2.182590e-09	2.319200e-09	2.455810e-09	2.592420e-09	2.729030e-09	2.865640e-09
1.762661e-09	1.896302e-09	2.029943e-09	2.163584e-09	2.297225e-09	2.430866e-09	2.564507e-09	2.698148e-09	2.831789e-09
1.697656e-09	1.838372e-09	1.979088e-09	2.119804e-09	2.260520e-09	2.401236e-09	2.541952e-09	2.682668e-09	2.823384e-09
1.733475e-09	1.877890e-09	2.022305e-09	2.166720e-09	2.311135e-09	2.455550e-09	2.599965e-09	2.744380e-09	2.888795e-09
1.683791e-09	1.823752e-09	1.963713e-09	2.103674e-09	2.243635e-09	2.383596e-09	2.523557e-09	2.663518e-09	2.803479e-09
1.719777e-09	1.863514e-09	2.007251e-09	2.150988e-09	2.294725e-09	2.438462e-09	2.582199e-09	2.725936e-09	2.869673e-09
1.685942e-09	1.827414e-09	1.968886e-09	2.110358e-09	2.251830e-09	2.393302e-09	2.534774e-09	2.676246e-09	2.817718e-09
1.697003e-09	1.843396e-09	1.989789e-09	2.136182e-09	2.282575e-09	2.428968e-09	2.575361e-09	2.721754e-09	2.868147e-09
1.639639e-09	1.769908e-09	1.900177e-09	2.030446e-09	2.160715e-09	2.290984e-09	2.421253e-09	2.551522e-09	2.681791e-09
1.633618e-09	1.780046e-09	1.926474e-09	2.072902e-09	2.219330e-09	2.365758e-09	2.512186e-09	2.658614e-09	2.805042e-09
1.520528e-09	1.661306e-09	1.802084e-09	1.942862e-09	2.083640e-09	2.224418e-09	2.365196e-09	2.505974e-09	2.646752e-09
1.555864e-09	1.693588e-09	1.831312e-09	1.969036e-09	2.106760e-09	2.244484e-09	2.382208e-09	2.519932e-09	2.657656e-09
1.615230e-09	1.754870e-09	1.894510e-09	2.034150e-09	2.173790e-09	2.313430e-09	2.453070e-09	2.592710e-09	2.732350e-09
1.578779e-09	1.710508e-09	1.842237e-09	1.973966e-09	2.105695e-09	2.237424e-09	2.369153e-09	2.500882e-09	2.632611e-09
1.520683e-09	1.660026e-09	1.799369e-09	1.938712e-09	2.078055e-09	2.217398e-09	2.356741e-09	2.496084e-09	2.635427e-09
1.541000e-09	1.678300e-09	1.815600e-09	1.952900e-09	2.090200e-09	2.227500e-09	2.364800e-09	2.502100e-09	2.639400e-09
1.557585e-09	1.702110e-09	1.846635e-09	1.991160e-09	2.135685e-09	2.280210e-09	2.424735e-09	2.569260e-09	2.713785e-09
1.502047e-09	1.625194e-09	1.748341e-09	1.871488e-09	1.994635e-09	2.117782e-09	2.240929e-09	2.364076e-09	2.487223e-09
1.440435e-09	1.585830e-09	1.731225e-09	1.876620e-09	2.022015e-09	2.167410e-09	2.312805e-09	2.458200e-09	2.603595e-09
1.450934e-09	1.593538e-09	1.736142e-09	1.878746e-09	2.021350e-09	2.163954e-09	2.306558e-09	2.449162e-09	2.591766e-09
1.424223e-09	1.564486e-09	1.704749e-09	1.845012e-09	1.985275e-09	2.125538e-09	2.265801e-09	2.406064e-09	2.546327e-09
1.345916e-09	1.493802e-09	1.641688e-09	1.789574e-09	1.937460e-09	2.085346e-09	2.233232e-09	2.381118e-09	2.529004e-09
1.392801e-09	1.532642e-09	1.672483e-09	1.812324e-09	1.952165e-09	2.092006e-09	2.231847e-09	2.371688e-09	2.511529e-09
1.393219e-09	1.546068e-09	1.698917e-09	1.851766e-09	2.004615e-09	2.157464e-09	2.310313e-09	2.463162e-09	2.616011e-09
1.386985e-09	1.522990e-09	1.658995e-09	1.795000e-09	1.931005e-09	2.067010e-09	2.203015e-09	2.339020e-09	2.475025e-09
1.302940e-09	1.446570e-09	1.590200e-09	1.733830e-09	1.877460e-09	2.021090e-09	2.164720e-09	2.308350e-09	2.451980e-09
1.313372e-09	1.458184e-09	1.602996e-09	1.747808e-09	1.892620e-09	2.037432e-09	2.182244e-09	2.327056e-09	2.471868e-09
1.282670e-09	1.429070e-09	1.575470e-09	1.721870e-09	1.868270e-09	2.014670e-09	2.161070e-09	2.307470e-09	2.453870e-09
1.295873e-09	1.431346e-09	1.566819e-09	1.702292e-09	1.837765e-09	1.973238e-09	2.108711e-09	2.244184e-09	2.379657e-09
1.245322e-09	1.394704e-09	1.544086e-09	1.693468e-09	1.842850e-09	1.992232e-09	2.141614e-09	2.290996e-09	2.440378e-09
1.227531e-09	1.367482e-09	1.507433e-09	1.647384e-09	1.787335e-09	1.927286e-09	2.067237e-09	2.207188e-09	2.347139e-09
1.236546e-09	1.383632e-09	1.530718e-09	1.677804e-09	1.824890e-09	1.971976e-09	2.119062e-09	2.266148e-09	2.413234e-09
1.176197e-09	1.310584e-09	1.444971e-09	1.579358e-09	1.713745e-09	1.848132e-09	1.982519e-09	2.116906e-09	2.251293e-09
1.197761e-09	1.327242e-09	1.456723e-09	1.586204e-09	1.715685e-09	1.845166e-09	1.974647e-09	2.104128e-09	2.233609e-09
1.174997e-09	1.312804e-09	1.450611e-09	1.588418e-09	1.726225e-09	1.864032e-09	2.001839e-09	2.139646e-09	2.277453e-09
1.133008e-09	1.255936e-09	1.378864e-09	1.501792e-09	1.624720e-09	1.747648e-09	1.870576e-09	1.993504e-09	2.116432e-09
1.105926e-09	1.252684e-09	1.399443e-09	1.546201e-09	1.692959e-09	1.839717e-09	1.986475e-09	2.133234e-09	2.279992e-09
1.132279e-09	1.270343e-09	1.408406e-09	1.546470e-09	1.684533e-09	1.822596e-09	1.960660e-09	2.098723e-09	2.236787e-09
1.085292e-09	1.219118e-09	1.352943e-09	1.486768e-09	1.620593e-09	1.754419e-09	1.888244e-09	2.022069e-09	2.155895e-09
1.105796e-09	1.257168e-09	1.408541e-09	1.559914e-09	1.711286e-09	1.862659e-09	2.014032e-09	2.165405e-09	2.316777e-09
1.100435e-09	1.248624e-09	1.396812e-09	1.545000e-09	1.693188e-09	1.841377e-09	1.989565e-09	2.137753e-09	2.285942e-09
1.038547e-09	1.180956e-09	1.323366e-09	1.465775e-09	1.608184e-09	1.750593e-09	1.893002e-09	2.035412e-09	2.177821e-09
9.507077e-10	1.103312e-09	1.255917e-09	1.408522e-09	1.561127e-09	1.713731e-09	1.866336e-09	2.018941e-09	2.171545e-09
9.566749e-10	1.107339e-09	1.258003e-09	1.408667e-09	1.559330e-09	1.709994e-09	1.860658e-09	2.011322e-09	2.161986e-09
9.515998e-10	1.096168e-09	1.240735e-09	1.385303e-09	1.529871e-09	1.674439e-09	1.819007e-09	1.963574e-09	2.108142e-09
9.650826e-10	1.102821e-09	1.240560e-09	1.378298e-09	1.516037e-09	1.653776e-09	1.791514e-09	1.929253e-09	2.066991e-09
9.560349e-10	1.102229e-09	1.248423e-09	1.394617e-09	1.540810e-09	1.687004e-09	1.833198e-09	1.979392e-09	2.125586e-09
9.515788e-10	1.092546e-09	1.233512e-09	1.374479e-09	1.515446e-09	1.656413e-09	1.797380e-09	1.938346e-09	2.079313e-09
8.740320e-10	1.028724e-09	1.183416e-09	1.338108e-09	1.492800e-09	1.647492e-09	1.802184e-09	1.956876e-09	2.111568e-09
8.630808e-10	1.018820e-09	1.174558e-09	1.330297e-09	1.486036e-09	1.641775e-09	1.797514e-09	1.953252e-09	2.108991e-09
8.690096e-10	1.016795e-09	1.164581e-09	1.312366e-09	1.460152e-09	1.607938e-09	1.755723e-09	1.903509e-09	2.051294e-09
8.464059e-10	9.985708e-10	1.150736e-09	1.302901e-09	1.455065e-09	1.607230e-09	1.759395e-09	1.911560e-09	2.063725e-09
8.396261e-10	9.766032e-10	1.113580e-09	1.250557e-09	1.387535e-09	1.524512e-09	1.661489e-09	1.798466e-09	1.935443e-09
8.095014e-10	9.638468e-10	1.118192e-09	1.272538e-09	1.426883e-09	1.581228e-09	1.735574e-09	1.889919e-09	2.044265e-09
7.700758e-10	9.319996e-10	1.093923e-09	1.255847e-09	1.417771e-09	1.579695e-09	1.741619e-09	1.903542e-09	2.065466e-09
7.581771e-10	9.131452e-10	1.068113e-09	1.223081e-09	1.378050e-09	1.533018e-09	1.687986e-09	1.842954e-09	1.997922e-09
7.392690e-10	8.942780e-10	1.049287e-09	1.204296e-09	1.359305e-09	1.514314e-09	1.669323e-09	1.824332e-09	1.979341e-09
6.850940e-10	8.302480e-10	9.754020e-10	1.120556e-09	1.265710e-09	1.410864e-09	1.556018e-09	1.701172e-09	1.846326e-09
6.816588e-10	8.366456e-10	9.916324e-10	1.146619e-09	1.301606e-09	1.456593e-09	1.611580e-09	1.766566e-09	1.921553e-09
6.320580e-10	7.808160e-10	9.295740e-10	1.078332e-09	1.227090e-09	1.375848e-09	1.524606e-09	1.673364e-09	1.822122e-09
6.522998e-10	7.948576e-10	9.374154e-10	1.079973e-09	1.222531e-09	1.365089e-09	1.507647e-09	1.650204e-09	1.792762e-09
6.045983e-10	7.608296e-10	9.170609e-10	1.073292e-09	1.229523e-09	1.385755e-09	1.541986e-09	1.698217e-09	1.854449e-09
5.634495e-10	7.142040e-10	8.649585e-10	1.015713e-09	1.166468e-09	1.317222e-09	1.467976e-09	1.618731e-09	1.769486e-09
5.415881e-10	6.911172e-10	8.406463e-10	9.901754e-10	1.139704e-09	1.289234e-09	1.438763e-09	1.588292e-09	1.737821e-09
5.278540e-10	6.746480e-10	8.214420e-10	9.682360e-10	1.115030e-09	1.261824e-09	1.408618e-09	1.555412e-09	1.702206e-09
5.207322e-10	6.822364e-10	8.437406e-10	1.005245e-09	1.166749e-09	1.328253e-09	1.489757e-09	1.651262e-09	1.812766e-09
5.081931e-10	6.679072e-10	8.276213e-10	9.873354e-10	1.147049e-09	1.306764e-09	1.466478e-09	1.626192e-09	1.785906e-09
4.673366e-10	6.278392e-10	7.883418e-10	9.488444e-10	1.109347e-09	1.269850e-09	1.430352e-09	1.590855e-09	1.751357e-09
4.188677e-10	5.755124e-10	7.321571e-10	8.888018e-10	1.045447e-09	1.202091e-09	1.358736e-09	1.515381e-09	1.672025e-09
4.222966e-10	5.854192e-10	7.485418e-10	9.116644e-10	1.074787e-09	1.237910e-09	1.401032e-09	1.564155e-09	1.727277e-09
3.861034e-10	5.398908e-10	6.936782e-10	8.474656e-10	1.001253e-09	1.155040e-09	1.308828e-09	1.462615e-09	1.616403e-09
3.650318e-10	5.262916e-10	6.875514e-10	8.488112e-10	1.010071e-09	1.171331e-09	1.332591e-09	1.493850e-09	1.655110e-09
3.322910e-10	5.044320e-10	6.765730e-10	8.487140e-10	1.020855e-09	1.192996e-09	1.365137e-09	1.537278e-09	1.709419e-09
2.773765e-10	4.331580e-10	5.889395e-10	7.447210e-10	9.005025e-10	1.056284e-09	1.212065e-09	1.367847e-09	1.523629e-09
2.735156e-10	4.372572e-10	6.009988e-10	7.647404e-10	9.284820e-10	1.092224e-09	1.255965e-09	1.419707e-09	1.583448e-09
2.438138e-10	4.124956e-10	5.811774e-10	7.498592e-10	9.185410e-10	1.087223e-09	1.255905e-09	1.424586e-09	1.593268e-09
2.723823e-10	4.300345e-10	5.876867e-10	7.453389e-10	9.029911e-10	1.060643e-09	1.218296e-09	1.375948e-09	1.533600e-09
2.566171e-10	4.142693e-10	5.719215e-10	7.295737e-10	8.872259e-10	1.044878e-09	1.202530e-09	1.360183e-09	1.517835e-09
2.408519e-10	3.985041e-10	5.561563e-10	7.138085e-10	8.714607e-10	1.029113e-09	1.186765e-09	1.344417e-09	1.502070e-09
2.250866e-10	3.827388e-10	5.403910e-10	6.980433e-10	8.556955e-10	1.013348e-09	1.171000e-09	1.328652e-09	1.486304e-09
2.093214e-10	3.669736e-10	5.246258e-10	6.822780e-10	8.399302e-10	9.975824e-10	1.155235e-09	1.312887e-09	1.470539e-09
1.935562e-10	3.512084e-10	5.088606e-10	6.665128e-10	8.241650e-10	9.818172e-10	1.139469e-09	1.297122e-09	1.454774e-09
1.777910e-10	3.354432e-10	4.930954e-10	6.507476e-10	8.083998e-10	9.660520e-10	1.123704e-09	1.281356e-09	1.439009e-09
1.620257e-10	3.196780e-10	4.773302e-10	6.349824e-10	7.926346e-10	9.502868e-10	1.107939e-09	1.265591e-09	1.423243e-09
1.462605e-10	3.039127e-10	4.615649e-10	6.192171e-10	7.768694e-10	9.345216e-10	1.092174e-09	1.249826e-09	1.407478e-09
1.304953e-10	2.881475e-10	4.457997e-10	6.034519e-10	7.611041e-10	9.187563e-10	1.076409e-09	1.234061e-09	1.391713e-09
1.000000e-35	2.723823e-10	4.300345e-10	5.876867e-10	7.453389e-10	9.029911e-10	1.060643e-09	1.218296e-09	1.375948e-09
1.000000e-35	2.566171e-10	4.142693e-10	5.719215e-10	7.295737e-10	8.872259e-10	1.044878e-09	1.202530e-09	1.360183e-09
1.000000e-35	2.408519e-10	3.985041e-10	5.561563e-10	7.138085e-10	8.714607e-10	1.029113e-09	1.186765e-09	1.344417e-09
1.000000e-35	2.250866e-10	3.827388e-10	5.403910e-10	6.980433e-10	8.556955e-10	1.013348e-09	1.171000e-09	1.328652e-09
1.000000e-35	2.093214e-10	3.669736e-10	5.246258e-10	6.822780e-10	8.399302e-10	9.975824e-10	1.155235e-09	1.312887e-09
1.000000e-35	1.935562e-10	3.512084e-10	5.088606e-10	6.665128e-10	8.241650e-10	9.818172e-10	1.139469e-09	1.297122e-09
1.000000e-35	1.777910e-10	3.354432e-10	4.930954e-10	6.507476e-10	8.083998e-10	9.660520e-10	1.123704e-09	1.281356e-09
1.000000e-35	1.620257e-10	3.196780e-10	4.773302e-10	6.349824e-10	7.926346e-10	9.502868e-10	1.107939e-09	1.265591e-09
1.000000e-35	1.462605e-10	3.039127e-10	4.615649e-10	6.192171e-10	7.768694e-10	9.345216e-10	1.092174e-09	1.249826e-09
1.000000e-35	1.304953e-10	2.881475e-10	4.457997e-10	6.034519e-10	7.611041e-10	9.187563e-10	1.076409e-09	1.234061e-09
1.000000e-35	1.000000e-35	2.723823e-10	4.300345e-10	5.876867e-10	7.453389e-10	9.029911e-10	1.060643e-09	1.218296e-09
1.000000e-35	1.000000e-35	2.566171e-10	4.142693e-10	5.719215e-10	7.295737e-10	8.872259e-10	1.044878e-09	1.202530e-09
1.000000e-35	1.000000e-35	2.408519e-10	3.985041e-10	5.561563e-10	7.138085e-10	8.714607e-10	1.029113e-09	1.186765e-09
1.000000e-35	1.000000e-35	2.250866e-10	3.827388e-10	5.403910e-10	6.980433e-10	8.556955e-10	1.013348e-09	1.171000e-09
1.000000e-35	1.000000e-35	2.093214e-10	3.669736e-10	5.246258e-10	6.822780e-10	8.399302e-10	9.975824e-10	1.155235e-09
1.000000e-35	1.000000e-35	1.935562e-10	3.512084e-10	5.088606e-10	6.665128e-10	8.241650e-10	9.818172e-10	1.139469e-09
1.000000e-35	1.000000e-35	1.777910e-10	3.354432e-10	4.930954e-10	6.507476e-10	8.083998e-10	9.660520e-10	1.123704e-09
1.000000e-35	1.000000e-35	1.620257e-10	3.196780e-10	4.773302e-10	6.349824e-10	7.926346e-10	9.502868e-10	1.107939e-09
1.000000e-35	1.000000e-35	1.462605e-10	3.039127e-10	4.615649e-10	6.192171e-10	7.768694e-10	9.345216e-10	1.092174e-09
1.000000e-35	1.000000e-35	1.304953e-10	2.881475e-10	4.457997e-10	6.034519e-10	7.611041e-10	9.187563e-10	1.076409e-09
1.000000e-35	1.000000e-35	1.000000e-35	2.723823e-10	4.300345e-10	5.876867e-10	7.453389e-10	9.029911e-10	1.060643e-09
1.000000e-35	1.000000e-35	1.000000e-35	2.566171e-10	4.142693e-10	5.719215e-10	7.295737e-10	8.872259e-10	1.044878e-09
1.000000e-35	1.000000e-35	1.000000e-35	2.408519e-10	3.985041e-10	5.561563e-10	7.138085e-10	8.714607e-10	1.029113e-09
1.000000e-35	1.000000e-35	1.000000e-35	2.250866e-10	3.827388e-10	5.403910e-10	6.980433e-10	8.556955e-10	1.013348e-09
1.000000e-35	1.000000e-35	1.000000e-35	2.093214e-10	3.669736e-10	5.246258e-10	6.822780e-10	8.399302e-10	9.975824e-10
1.000000e-35	1.000000e-35	1.000000e-35	1.935562e-10	3.512084e-10	5.088606e-10	6.665128e-10	8.241650e-10	9.818172e-10
1.000000e-35	1.000000e-35	1.000000e-35	1.777910e-10	3.354432e-10	4.930954e-10	6.507476e-10	8.083998e-10	9.660520e-10
1.000000e-35	1.000000e-35	1.000000e-35	1.620257e-10	3.196780e-10	4.773302e-10	6.349824e-10	7.926346e-10	9.502868e-10
1.000000e-35	1.000000e-35	1.000000e-35	1.462605e-10	3.039127e-10	4.615649e-10	6.192171e-10	7.768694e-10	9.345216e-10
1.000000e-35	1.000000e-35	1.000000e-35	1.304953e-10	2.881475e-10	4.457997e-10	6.034519e-10	7.611041e-10	9.187563e-10
1.000000e-35	1.000000e-35	1.000000e-35	1.000000e-35	2.723823e-10	4.300345e-10	5.876867e-10	7.453389e-10	9.029911e-10
1.000000e-35	1.000000e-35	1.000000e-35	1.000000e-35	2.566171e-10	4.142693e-10	5.719215e-10	7.295737e-10	8.872259e-10
1.000000e-35	1.000000e-35	1.000000e-35	1.000000e-35	2.408519e-10	3.985041e-10	5.561563e-10	7.138085e-10	8.714607e-10
1.000000e-35	1.000000e-35	1.000000e-35	1.000000e-35	2.250866e-10	3.827388e-10	5.403910e-10	6.980433e-10	8.556955e-10
1.000000e-35	1.000000e-35	1.000000e-35	1.000000e-35	2.093214e-10	3.669736e-10	5.246258e-10	6.822780e-10	8.399302e-10
1.000000e-35	1.000000e-35	1.000000e-35	1.000000e-35	1.935562e-10	3.512084e-10	5.088606e-10	6.665128e-10	8.241650e-10
1.000000e-35	1.000000e-35	1.000000e-35	1.000000e-35	1.777910e-10	3.354432e-10	4.930954e-10	6.507476e-10	8.083998e-10
1.000000e-35	1.000000e-35	1.000000e-35	1.000000e-35	1.620257e-10	3.196780e-10	4.773302e-10	6.349824e-10	7.926346e-10
1.000000e-35	1.000000e-35	1.000000e-35	1.000000e-35	1.462605e-10	3.039127e-10	4.615649e-10	6.192171e-10	7.768694e-10
1.000000e-35	1.000000e-35	1.000000e-35	1.000000e-35	1.304953e-10	2.881475e-10	4.457997e-10	6.034519e-10	7.611041e-10
1.000000e-35	1.000000e-35	1.000000e-35	1.000000e-35	1.000000e-35	2.723823e-10	4.300345e-10	5.876867e-10	7.453389e-10
1.000000e-35	1.000000e-35	1.000000e-35	1.000000e-35	1.000000e-35	2.566171e-10	4.142693e-10	5.719215e-10	7.295737e-10
1.000000e-35	1.000000e-35	1.000000e-35	1.000000e-35	1.000000e-35	2.408519e-10	3.985041e-10	5.561563e-10	7.138085e-10
1.000000e-35	1.000000e-35	1.000000e-35	1.000000e-35	1.000000e-35	2.250866e-10	3.827388e-10	5.403910e-10	6.980433e-10
1.000000e-35	1.000000e-35	1.000000e-35	1.000000e-35	1.000000e-35	2.093214e-10	3.669736e-10	5.246258e-10	6.822780e-10
1.000000e-35	1.000000e-35	1.000000e-35	1.000000e-35	1.000000e-35	1.935562e-10	3.512084e-10	5.088606e-10	6.665128e-10
1.000000e-35	1.000000e-35	1.000000e-35	1.000000e-35	1.000000e-35	1.777910e-10	3.354432e-10	4.930954e-10	6.507476e-10
1.000000e-35	1.000000e-35	1.000000e-35	1.000000e-35	1.000000e-35	1.620257e-10	3.196780e-10	4.773302e-10	6.349824e-10
1.000000e-35	1.000000e-35	1.000000e-35	1.000000e-35	1.000000e-35	1.462605e-10	3.039127e-10	4.615649e-10	6.192171e-10
1.000000e-35	1.000000e-35	1.000000e-35	1.000000e-35	1.000000e-35	1.304953e-10	2.881475e-10	4.457997e-10	6.034519e-10
1.000000e-35	1.000000e-35	1.000000e-35	1.000000e-35	1.000000e-35	1.000000e-35	2.723823e-10	4.300345e-10	5.876867e-10
1.000000e-35	1.000000e-35	1.000000e-35	1.000000e-35	1.000000e-35	1.000000e-35	2.566171e-10	4.142693e-10	5.719215e-10
1.000000e-35	1.000000e-35	1.000000e-35	1.000000e-35	1.000000e-35	1.000000e-35	2.408519e-10	3.985041e-10	5.561563e-10
1.000000e-35	1.000000e-35	1.000000e-35	1.000000e-35	1.000000e-35	1.000000e-35	2.250866e-10	3.827388e-10	5.403910e-10
1.000000e-35	1.000000e-35	1.000000e-35	1.000000e-35	1.000000e-35	1.000000e-35	2.093214e-10	3.669736e-10	5.246258e-10
1.000000e-35	1.000000e-35	1.000000e-35	1.000000e-35	1.000000e-35	1.000000e-35	1.935562e-10	3.512084e-10	5.088606e-10
1.000000e-35	1.000000e-35	1.000000e-35	1.000000e-35	1.000000e-35	1.000000e-35	1.777910e-10	3.354432e-10	4.930954e-10
1.000000e-35	1.000000e-35	1.000000e-35	1.000000e-35	1.000000e-35	1.000000e-35	1.620257e-10	3.196780e-10	4.773302e-10
1.000000e-35	1.000000e-35	1.000000e-35	1.000000e-35	1.000000e-35	1.000000e-35	1.462605e-10	3.039127e-10	4.615649e-10
1.000000e-35	1.000000e-35	1.000000e-35	1.000000e-35	1.000000e-35	1.000000e-35	1.304953e-10	2.881475e-10	4.457997e-10
1.000000e-35	1.000000e-35	1.000000e-35	1.000000e-35	1.000000e-35	1.000000e-35	1.000000e-35	2.723823e-10	4.300345e-10
1.000000e-35	1.000000e-35	1.000000e-35	1.000000e-35	1.000000e-35	1.000000e-35	1.000000e-35	2.566171e-10	4.142693e-10
1.000000e-35	1.000000e-35	1.000000e-35	1.000000e-35	1.000000e-35	1.000000e-35	1.000000e-35	2.408519e-10	3.985041e-10
1.000000e-35	1.000000e-35	1.000000e-35	1.000000e-35	1.000000e-35	1.000000e-35	1.000000e-35	2.250866e-10	3.827388e-10
1.000000e-35	1.000000e-35	1.000000e-35	1.000000e-35	1.000000e-35	1.000000e-35	1.000000e-35	2.093214e-10	3.669736e-10
1.000000e-35	1.000000e-35	1.000000e-35	1.000000e-35	1.000000e-35	1.000000e-35	1.000000e-35	1.935562e-10	3.512084e-10
1.000000e-35	1.000000e-35	1.000000e-35	1.000000e-35	1.000000e-35	1.000000e-35	1.000000e-35	1.777910e-10	3.354432e-10
1.000000e-35	1.000000e-35	1.000000e-35	1.000000e-35	1.000000e-35	1.000000e-35	1.000000e-35	1.620257e-10	3.196780e-10
1.000000e-35	1.000000e-35	1.000000e-35	1.000000e-35	1.000000e-35	1.000000e-35	1.000000e-35	1.462605e-10	3.039127e-10
1.000000e-35	1.000000e-35	1.000000e-35	1.000000e-35	1.000000e-35	1.000000e-35	1.000000e-35	1.304953e-10	2.881475e-10
1.000000e-35	1.000000e-35	1.000000e-35	1.000000e-35	1.000000e-35	1.000000e-35	1.000000e-35	1.000000e-35	2.723823e-10
1.000000e-35	1.000000e-35	1.000000e-35	1.000000e-35	1.000000e-35	1.000000e-35	1.000000e-35	1.000000e-35	2.566171e-10
1.000000e-35	1.000000e-35	1.000000e-35	1.000000e-35	1.000000e-35	1.000000e-35	1.000000e-35	1.000000e-35	2.408519e-10
1.000000e-35	1.000000e-35	1.000000e-35	1.000000e-35	1.000000e-35	1.000000e-35	1.000000e-35	1.000000e-35	2.250866e-10
1.000000e-35	1.000000e-35	1.000000e-35	1.000000e-35	1.000000e-35	1.000000e-35	1.000000e-35	1.000000e-35	2.093214e-10
1.000000e-35	1.000000e-35	1.000000e-35	1.000000e-35	1.000000e-35	1.000000e-35	1.000000e-35	1.000000e-35	1.935562e-10
1.000000e-35	1.000000e-35	1.000000e-35	1.000000e-35	1.000000e-35	1.000000e-35	1.000000e-35	1.000000e-35	1.777910e-10
1.000000e-35	1.000000e-35	1.000000e-35	1.000000e-35	1.000000e-35	1.000000e-35	1.000000e-35	1.000000e-35	1.620257e-10
1.000000e-35	1.000000e-35	1.000000e-35	1.000000e-35	1.000000e-35	1.000000e-35	1.000000e-35	1.000000e-35	1.462605e-10
1.000000e-35	1.000000e-35	1.000000e-35	1.000000e-35	1.000000e-35	1.000000e-35	1.000000e-35	1.000000e-35	1.304953e-10
1.000000e-35	1.000000e-35	1.000000e-35	1.000000e-35	1.000000e-35	1.000000e-35	1.000000e-35	1.000000e-35	1.000000e-35
1.000000e-35	1.000000e-35	1.000000e-35	1.000000e-35	1.000000e-35	1.000000e-35	1.000000e-35	1.000000e-35	1.000000e-35
1.000000e-35	1.000000e-35	1.000000e-35	1.000000e-35	1.000000e-35	1.000000e-35	1.000000e-35	1.000000e-35	1.000000e-35
1.000000e-35	1.000000e-35	1.000000e-35	1.000000e-35	1.000000e-35	1.000000e-35	1.000000e-35	1.000000e-35	1.000000e-35
1.000000e-35	1.000000e-35	1.000000e-35	1.000000e-35	1.000000e-35	1.000000e-35	1.000000e-35	1.000000e-35	1.000000e-35
1.000000e-35	1.000000e-35	1.000000e-35	1.000000e-35	1.000000e-35	1.000000e-35	1.000000e-35	1.000000e-35	1.000000e-35
1.000000e-35	1.000000e-35	1.000000e-35	1.000000e-35	1.000000e-35	1.000000e-35	1.000000e-35	1.000000e-35	1.000000e-35
1.000000e-35	1.000000e-35	1.000000e-35	1.000000e-35	1.000000e-35	1.000000e-35	1.000000e-35	1.000000e-35	1.000000e-35
1.000000e-35	1.000000e-35	1.000000e-35	1.000000e-35	1.000000e-35	1.000000e-35	1.000000e-35	1.000000e-35	1.000000e-35
1.000000e-35	1.000000e-35	1.000000e-35	1.000000e-35	1.000000e-35	1.000000e-35	1.000000e-35	1.000000e-35	1.000000e-35
