0.05,1E-35,1E-35
0.15,1E-35,1E-35
0.25,1E-35,1E-35
0.35,1E-35,1E-35
0.45,1E-35,1E-35
0.55,1E-35,1E-35
0.65,1E-35,1E-35
0.75,1E-35,1E-35
0.85,1E-35,1E-35
0.95,1E-35,1E-35
1.05,2.1458E-12,2.91604E-12
1.15,2.48149E-12,1.93636E-12
1.25,9.62793E-12,8.98266E-12
1.35,3.47009E-10,3.22244E-10
1.45,2.03651E-10,1.99679E-10
1.55,4.94719E-10,5.48668E-10
1.65,1.72439E-9,2.11377E-9
1.75,5.73925E-8,6.90337E-8
1.85,2.95658E-8,3.02771E-8
1.95,3.11659E-9,3.25842E-9
2.05,1.11007E-8,1.18E-8
2.15,5.70634E-9,5.99761E-9
2.25,6.88772E-9,7.32212E-9
2.35,1.35739E-8,1.41102E-8
2.45,9.29171E-9,9.75832E-9
2.55,1.06097E-8,1.14517E-8
2.65,1.1498E-8,1.23662E-8
2.75,1.35295E-8,1.48517E-8
2.85,1.36845E-8,1.49206E-8
2.95,1.46825E-8,1.61291E-8
3.05,1.56827E-8,1.73748E-8
3.15,1.65264E-8,1.85539E-8
3.25,1.73227E-8,1.9415E-8
3.35,1.79604E-8,2.03088E-8
3.45,1.84641E-8,2.10317E-8
3.55,1.90849E-8,2.18147E-8
3.65,1.94234E-8,2.23163E-8
3.75,1.97647E-8,2.30255E-8
3.85,1.99713E-8,2.32095E-8
3.95,2.02306E-8,2.36856E-8
4.05,2.02871E-8,2.39921E-8
4.15,2.0421E-8,2.41841E-8
4.25,2.05682E-8,2.44551E-8
4.35,2.05264E-8,2.45039E-8
4.45,2.05151E-8,2.46344E-8
4.55,2.0445E-8,2.46092E-8
4.65,2.03595E-8,2.47226E-8
4.75,2.02814E-8,2.46066E-8
4.85,2.00864E-8,2.45254E-8
4.95,1.99096E-8,2.44265E-8
5.05,1.9811E-8,2.4396E-8
5.15,1.95856E-8,2.42073E-8
5.25,1.94724E-8,2.41309E-8
5.35,1.92362E-8,2.38838E-8
5.45,1.89859E-8,2.36203E-8
5.55,1.87063E-8,2.34806E-8
5.65,1.85513E-8,2.33389E-8
5.75,1.82897E-8,2.30901E-8
5.85,1.80158E-8,2.29021E-8
5.95,1.78248E-8,2.25791E-8
6.05,1.76261E-8,2.23909E-8
6.15,1.73563E-8,2.21935E-8
6.25,1.70306E-8,2.17244E-8
6.35,1.68322E-8,2.16181E-8
6.45,1.65453E-8,2.12202E-8
6.55,1.63865E-8,2.11324E-8
6.65,1.6109E-8,2.07724E-8
6.75,1.58404E-8,2.0603E-8
6.85,1.57096E-8,2.02854E-8
6.95,1.54515E-8,2.00248E-8
7.05,1.52256E-8,1.97721E-8
7.15,1.50333E-8,1.94877E-8
7.25,1.47511E-8,1.92262E-8
7.35,3.19069E-8,5.09262E-8
7.45,1.42483E-8,1.87539E-8
7.55,1.41531E-8,1.84829E-8
7.65,1.40492E-8,1.84944E-8
7.75,1.36251E-8,1.80563E-8
7.85,1.33618E-8,1.7753E-8
7.95,1.33372E-8,1.78065E-8
8.05,1.29715E-8,1.73477E-8
8.15,1.28526E-8,1.71164E-8
8.25,1.26824E-8,1.70207E-8
8.35,3.09835E-7,5.47768E-7
8.45,1.22336E-8,1.63196E-8
8.55,1.20517E-8,1.62203E-8
8.65,1.18076E-8,1.58379E-8
8.75,1.41062E-8,2.10281E-8
8.85,1.14253E-8,1.53956E-8
8.95,1.12808E-8,1.53469E-8
9.05,1.10297E-8,1.50301E-8
9.15,1.0953E-8,1.47875E-8
9.25,1.08564E-8,1.47354E-8
9.35,1.05996E-8,1.45093E-8
9.45,1.04819E-8,1.43067E-8
9.55,1.54651E-8,2.51314E-8
9.65,1.13483E-7,2.13901E-7
9.75,9.90118E-9,1.38312E-8
9.85,1.66538E-8,2.76729E-8
9.95,6.36242E-8,1.10666E-7
10.05,9.47969E-9,1.31087E-8
10.15,1.17253E-8,1.71715E-8
10.25,9.17685E-9,1.27403E-8
10.35,8.65654E-9,1.18505E-8
10.45,8.50424E-9,1.17239E-8
10.55,8.39597E-9,1.15021E-8
10.65,8.31854E-9,1.14084E-8
10.75,8.14634E-9,1.12022E-8
10.85,7.99201E-9,1.11275E-8
10.95,8.51784E-9,1.24849E-8
11.05,7.7447E-9,1.08234E-8
11.15,7.72552E-9,1.07454E-8
11.25,7.5675E-9,1.06168E-8
11.35,2.56222E-8,4.50215E-8
11.45,7.48005E-9,1.05832E-8
11.55,9.15222E-9,1.39779E-8
11.65,8.66604E-9,1.33563E-8
11.75,6.91125E-9,9.66364E-9
11.85,6.86243E-9,9.74748E-9
11.95,6.68025E-9,9.4011E-9
12.05,7.02186E-9,1.01752E-8
12.15,6.3753E-9,9.07731E-9
12.25,6.34188E-9,9.07137E-9
12.35,6.25969E-9,8.96977E-9
12.45,6.14986E-9,8.8362E-9
12.55,6.05784E-9,8.68199E-9
12.65,5.92488E-9,8.59715E-9
12.75,5.87289E-9,8.42945E-9
12.85,5.77815E-9,8.4483E-9
12.95,5.72028E-9,8.38966E-9
13.05,5.631E-9,8.23121E-9
13.15,5.57655E-9,8.13491E-9
13.25,5.40977E-9,8.10248E-9
13.35,5.3331E-9,7.94071E-9
13.45,5.24799E-9,7.84916E-9
13.55,5.15697E-9,7.73442E-9
13.65,5.06627E-9,7.66031E-9
13.75,4.99827E-9,7.57199E-9
13.85,4.87915E-9,7.4555E-9
13.95,4.85026E-9,7.36101E-9
14.05,4.72809E-9,7.31015E-9
14.15,4.63044E-9,7.21665E-9
14.25,4.59859E-9,7.04262E-9
14.35,4.46979E-9,7.05564E-9
14.45,4.45059E-9,6.95117E-9
14.55,4.28507E-9,6.88278E-9
14.65,4.24198E-9,6.78225E-9
14.75,4.17268E-9,6.6546E-9
14.85,4.09835E-9,6.61645E-9
14.95,4.02629E-9,6.44391E-9
15.05,3.96979E-9,6.41696E-9
15.15,3.89503E-9,6.3625E-9
15.25,3.81975E-9,6.27768E-9
15.35,3.75247E-9,6.16999E-9
15.45,3.70058E-9,6.13556E-9
15.55,3.55723E-9,6.0662E-9
15.65,3.49713E-9,5.92924E-9
15.75,3.43781E-9,5.86414E-9
15.85,3.35222E-9,5.78222E-9
15.95,3.2926E-9,5.76602E-9
16.05,3.26027E-9,5.60158E-9
16.15,3.16302E-9,5.56808E-9
16.25,3.09494E-9,5.50346E-9
16.35,2.98782E-9,5.42027E-9
16.45,2.96075E-9,5.37842E-9
16.55,2.88515E-9,5.30041E-9
16.65,2.8353E-9,5.27031E-9
16.75,2.71496E-9,5.09453E-9
16.85,2.67083E-9,5.07342E-9
16.95,2.60638E-9,4.98922E-9
17.05,2.54664E-9,4.9214E-9
17.15,2.43961E-9,4.87536E-9
17.25,2.41594E-9,4.87266E-9
17.35,2.30551E-9,4.71593E-9
17.45,2.26846E-9,4.73168E-9
17.55,2.18641E-9,4.60421E-9
17.65,2.11687E-9,4.53216E-9
17.75,2.0457E-9,4.45808E-9
17.85,1.97709E-9,4.39317E-9
17.95,1.89705E-9,4.37164E-9
18.05,1.82348E-9,4.3101E-9
18.15,1.73604E-9,4.2093E-9
18.25,1.70274E-9,4.16064E-9
18.35,1.59644E-9,4.10985E-9
18.45,1.55206E-9,4.05248E-9
18.55,1.46812E-9,3.92361E-9
18.65,1.39796E-9,3.90261E-9
18.75,1.29888E-9,3.84134E-9
18.85,1.25456E-9,3.76608E-9
18.95,1.1801E-9,3.7528E-9
19.05,1.06994E-9,3.69741E-9
19.15,9.88563E-10,3.62159E-9
19.25,9.16678E-10,3.54517E-9
19.35,8.15831E-10,3.53927E-9
19.45,7.23602E-10,3.42663E-9
19.55,6.39439E-10,3.3503E-9
19.65,5.16603E-10,3.32213E-9
19.75,4.2741E-10,3.32005E-9
19.85,3.20455E-10,3.22814E-9
19.95,2.71408E-10,3.16328E-9
20.05,1E-35,3.05814E-9
20.15,1E-35,3.07885E-9
20.25,1E-35,2.9689E-9
20.35,1E-35,2.93149E-9
20.45,1E-35,2.88951E-9
20.55,1E-35,2.87471E-9
20.65,1E-35,2.72775E-9
20.75,1E-35,2.73642E-9
20.85,1E-35,2.69282E-9
20.95,1E-35,2.62038E-9
21.05,1E-35,2.54212E-9
21.15,1E-35,2.49205E-9
21.25,1E-35,2.43726E-9
21.35,1E-35,2.42348E-9
21.45,1E-35,2.32046E-9
21.55,1E-35,2.28488E-9
21.65,1E-35,2.23872E-9
21.75,1E-35,2.18308E-9
21.85,1E-35,2.16036E-9
21.95,1E-35,2.11985E-9
22.05,1E-35,2.07854E-9
22.15,1E-35,1.94652E-9
22.25,1E-35,1.89677E-9
22.35,1E-35,1.88284E-9
22.45,1E-35,1.8071E-9
22.55,1E-35,1.72999E-9
22.65,1E-35,1.66899E-9
22.75,1E-35,1.63198E-9
22.85,1E-35,1.61104E-9
22.95,1E-35,1.51694E-9
23.05,1E-35,1.46577E-9
23.15,1E-35,1.42732E-9
23.25,1E-35,1.37498E-9
23.35,1E-35,1.32346E-9
23.45,1E-35,1.20275E-9
23.55,1E-35,1.17293E-9
23.65,1E-35,1.11512E-9
23.75,1E-35,1.06928E-9
23.85,1E-35,9.9553E-10
23.95,1E-35,9.35075E-10
24.05,1E-35,8.61939E-10
24.15,1E-35,7.82107E-10
24.25,1E-35,7.46507E-10
24.35,1E-35,6.41985E-10
24.45,1E-35,5.73844E-10
24.55,1E-35,5.15183E-10
24.65,1E-35,4.27136E-10
24.75,1E-35,3.13746E-10
24.85,1E-35,2.58912E-10
24.95,1E-35,2.16362E-10
25.05,1E-35,1E-35
25.15,1E-35,1E-35
25.25,1E-35,1E-35
25.35,1E-35,1E-35
25.45,1E-35,1E-35
25.55,1E-35,1E-35
25.65,1E-35,1E-35
25.75,1E-35,1E-35
25.85,1E-35,1E-35
25.95,1E-35,1E-35
26.05,1E-35,1E-35
26.15,1E-35,1E-35
26.25,1E-35,1E-35
26.35,1E-35,1E-35
26.45,1E-35,1E-35
26.55,1E-35,1E-35
26.65,1E-35,1E-35
26.75,1E-35,1E-35
26.85,1E-35,1E-35
26.95,1E-35,1E-35
27.05,1E-35,1E-35
27.15,1E-35,1E-35
27.25,1E-35,1E-35
27.35,1E-35,1E-35
27.45,1E-35,1E-35
27.55,1E-35,1E-35
27.65,1E-35,1E-35
27.75,1E-35,1E-35
27.85,1E-35,1E-35
27.95,1E-35,1E-35
28.05,1E-35,1E-35
28.15,1E-35,1E-35
28.25,1E-35,1E-35
28.35,1E-35,1E-35
28.45,1E-35,1E-35
28.55,1E-35,1E-35
28.65,1E-35,1E-35
28.75,1E-35,1E-35
28.85,1E-35,1E-35
28.95,1E-35,1E-35
29.05,1E-35,1E-35
29.15,1E-35,1E-35
29.25,1E-35,1E-35
29.35,1E-35,1E-35
29.45,1E-35,1E-35
29.55,1E-35,1E-35
29.65,1E-35,1E-35
29.75,1E-35,1E-35
29.85,1E-35,1E-35
29.95,1E-35,1E-35
30.05,1E-35,1E-35
30.15,1E-35,1E-35
30.25,1E-35,1E-35
30.35,1E-35,1E-35
30.45,1E-35,1E-35
30.55,1E-35,1E-35
30.65,1E-35,1E-35
30.75,1E-35,1E-35
30.85,1E-35,1E-35
30.95,1E-35,1E-35
31.05,1E-35,1E-35
31.15,1E-35,1E-35
31.25,1E-35,1E-35
31.35,1E-35,1E-35
31.45,1E-35,1E-35
31.55,1E-35,1E-35
31.65,1E-35,1E-35
31.75,1E-35,1E-35
31.85,1E-35,1E-35
31.95,1E-35,1E-35
32.05,1E-35,1E-35
32.15,1E-35,1E-35
32.25,1E-35,1E-35
32.35,1E-35,1E-35
32.45,1E-35,1E-35
32.55,1E-35,1E-35
32.65,1E-35,1E-35
32.75,1E-35,1E-35
32.85,1E-35,1E-35
32.95,1E-35,1E-35
33.05,1E-35,1E-35
33.15,1E-35,1E-35
33.25,1E-35,1E-35
33.35,1E-35,1E-35
33.45,1E-35,1E-35
33.55,1E-35,1E-35
33.65,1E-35,1E-35
33.75,1E-35,1E-35
33.85,1E-35,1E-35
33.95,1E-35,1E-35
34.05,1E-35,1E-35
34.15,1E-35,1E-35
34.25,1E-35,1E-35
34.35,1E-35,1E-35
34.45,1E-35,1E-35
34.55,1E-35,1E-35
34.65,1E-35,1E-35
34.75,1E-35,1E-35
34.85,1E-35,1E-35
34.95,1E-35,1E-35
35.05,1E-35,1E-35
35.15,1E-35,1E-35
35.25,1E-35,1E-35
35.35,1E-35,1E-35
35.45,1E-35,1E-35
35.55,1E-35,1E-35
35.65,1E-35,1E-35
35.75,1E-35,1E-35
35.85,1E-35,1E-35
35.95,1E-35,1E-35
36.05,1E-35,1E-35
36.15,1E-35,1E-35
36.25,1E-35,1E-35
36.35,1E-35,1E-35
36.45,1E-35,1E-35
36.55,1E-35,1E-35
36.65,1E-35,1E-35
36.75,1E-35,1E-35
36.85,1E-35,1E-35
36.95,1E-35,1E-35
37.05,1E-35,1E-35
37.15,1E-35,1E-35
37.25,1E-35,1E-35
37.35,1E-35,1E-35
37.45,1E-35,1E-35
37.55,1E-35,1E-35
37.65,1E-35,1E-35
37.75,1E-35,1E-35
37.85,1E-35,1E-35
37.95,1E-35,1E-35
38.05,1E-35,1E-35
38.15,1E-35,1E-35
38.25,1E-35,1E-35
38.35,1E-35,1E-35
38.45,1E-35,1E-35
38.55,1E-35,1E-35
38.65,1E-35,1E-35
38.75,1E-35,1E-35
38.85,1E-35,1E-35
38.95,1E-35,1E-35
39.05,1E-35,1E-35
39.15,1E-35,1E-35
39.25,1E-35,1E-35
39.35,1E-35,1E-35
39.45,1E-35,1E-35
39.55,1E-35,1E-35
39.65,1E-35,1E-35
39.75,1E-35,1E-35
39.85,1E-35,1E-35
39.95,1E-35,1E-35
40.05,1E-35,1E-35
40.15,1E-35,1E-35
40.25,1E-35,1E-35
40.35,1E-35,1E-35
40.45,1E-35,1E-35
40.55,1E-35,1E-35
40.65,1E-35,1E-35
40.75,1E-35,1E-35
40.85,1E-35,1E-35
40.95,1E-35,1E-35
41.05,1E-35,1E-35
41.15,1E-35,1E-35
41.25,1E-35,1E-35
41.35,1E-35,1E-35
41.45,1E-35,1E-35
41.55,1E-35,1E-35
41.65,1E-35,1E-35
41.75,1E-35,1E-35
41.85,1E-35,1E-35
41.95,1E-35,1E-35
42.05,1E-35,1E-35
42.15,1E-35,1E-35
42.25,1E-35,1E-35
42.35,1E-35,1E-35
42.45,1E-35,1E-35
42.55,1E-35,1E-35
42.65,1E-35,1E-35
42.75,1E-35,1E-35
42.85,1E-35,1E-35
42.95,1E-35,1E-35
43.05,1E-35,1E-35
43.15,1E-35,1E-35
43.25,1E-35,1E-35
43.35,1E-35,1E-35
43.45,1E-35,1E-35
43.55,1E-35,1E-35
43.65,1E-35,1E-35
43.75,1E-35,1E-35
43.85,1E-35,1E-35
43.95,1E-35,1E-35
44.05,1E-35,1E-35
44.15,1E-35,1E-35
44.25,1E-35,1E-35
44.35,1E-35,1E-35
44.45,1E-35,1E-35
44.55,1E-35,1E-35
44.65,1E-35,1E-35
44.75,1E-35,1E-35
44.85,1E-35,1E-35
44.95,1E-35,1E-35
45.05,1E-35,1E-35
45.15,1E-35,1E-35
45.25,1E-35,1E-35
45.35,1E-35,1E-35
45.45,1E-35,1E-35
45.55,1E-35,1E-35
45.65,1E-35,1E-35
45.75,1E-35,1E-35
45.85,1E-35,1E-35
45.95,1E-35,1E-35
46.05,1E-35,1E-35
46.15,1E-35,1E-35
46.25,1E-35,1E-35
46.35,1E-35,1E-35
46.45,1E-35,1E-35
46.55,1E-35,1E-35
46.65,1E-35,1E-35
46.75,1E-35,1E-35
46.85,1E-35,1E-35
46.95,1E-35,1E-35
47.05,1E-35,1E-35
47.15,1E-35,1E-35
47.25,1E-35,1E-35
47.35,1E-35,1E-35
47.45,1E-35,1E-35
47.55,1E-35,1E-35
47.65,1E-35,1E-35
47.75,1E-35,1E-35
47.85,1E-35,1E-35
47.95,1E-35,1E-35
48.05,1E-35,1E-35
48.15,1E-35,1E-35
48.25,1E-35,1E-35
48.35,1E-35,1E-35
48.45,1E-35,1E-35
48.55,1E-35,1E-35
48.65,1E-35,1E-35
48.75,1E-35,1E-35
48.85,1E-35,1E-35
48.95,1E-35,1E-35
49.05,1E-35,1E-35
49.15,1E-35,1E-35
49.25,1E-35,1E-35
49.35,1E-35,1E-35
49.45,1E-35,1E-35
49.55,1E-35,1E-35
49.65,1E-35,1E-35
49.75,1E-35,1E-35
49.85,1E-35,1E-35
49.95,1E-35,1E-35
50.05,1E-35,1E-35
50.15,1E-35,1E-35
50.25,1E-35,1E-35
50.35,1E-35,1E-35
50.45,1E-35,1E-35
50.55,1E-35,1E-35
50.65,1E-35,1E-35
50.75,1E-35,1E-35
50.85,1E-35,1E-35
50.95,1E-35,1E-35
51.05,1E-35,1E-35
51.15,1E-35,1E-35
51.25,1E-35,1E-35
51.35,1E-35,1E-35
51.45,1E-35,1E-35
51.55,1E-35,1E-35
51.65,1E-35,1E-35
51.75,1E-35,1E-35
51.85,1E-35,1E-35
51.95,1E-35,1E-35
52.05,1E-35,1E-35
52.15,1E-35,1E-35
52.25,1E-35,1E-35
52.35,1E-35,1E-35
52.45,1E-35,1E-35
52.55,1E-35,1E-35
52.65,1E-35,1E-35
52.75,1E-35,1E-35
52.85,1E-35,1E-35
52.95,1E-35,1E-35
53.05,1E-35,1E-35
53.15,1E-35,1E-35
53.25,1E-35,1E-35
53.35,1E-35,1E-35
53.45,1E-35,1E-35
53.55,1E-35,1E-35
53.65,1E-35,1E-35
53.75,1E-35,1E-35
53.85,1E-35,1E-35
53.95,1E-35,1E-35
54.05,1E-35,1E-35
54.15,1E-35,1E-35
54.25,1E-35,1E-35
54.35,1E-35,1E-35
54.45,1E-35,1E-35
54.55,1E-35,1E-35
54.65,1E-35,1E-35
54.75,1E-35,1E-35
54.85,1E-35,1E-35
54.95,1E-35,1E-35
55.05,1E-35,1E-35
55.15,1E-35,1E-35
55.25,1E-35,1E-35
55.35,1E-35,1E-35
55.45,1E-35,1E-35
55.55,1E-35,1E-35
55.65,1E-35,1E-35
55.75,1E-35,1E-35
55.85,1E-35,1E-35
55.95,1E-35,1E-35
56.05,1E-35,1E-35
56.15,1E-35,1E-35
56.25,1E-35,1E-35
56.35,1E-35,1E-35
56.45,1E-35,1E-35
56.55,1E-35,1E-35
56.65,1E-35,1E-35
56.75,1E-35,1E-35
56.85,1E-35,1E-35
56.95,1E-35,1E-35
57.05,1E-35,1E-35
57.15,1E-35,1E-35
57.25,1E-35,1E-35
57.35,1E-35,1E-35
57.45,1E-35,1E-35
57.55,1E-35,1E-35
57.65,1E-35,1E-35
57.75,1E-35,1E-35
57.85,1E-35,1E-35
57.95,1E-35,1E-35
58.05,1E-35,1E-35
58.15,1E-35,1E-35
58.25,1E-35,1E-35
58.35,1E-35,1E-35
58.45,1E-35,1E-35
58.55,1E-35,1E-35
58.65,1E-35,1E-35
58.75,1E-35,1E-35
58.85,1E-35,1E-35
58.95,1E-35,1E-35
59.05,1E-35,1E-35
59.15,1E-35,1E-35
59.25,1E-35,1E-35
59.35,1E-35,1E-35
59.45,1E-35,1E-35
59.55,1E-35,1E-35
59.65,1E-35,1E-35
59.75,1E-35,1E-35
59.85,1E-35,1E-35
59.95,1E-35,1E-35
60.05,1E-35,1E-35
60.15,1E-35,1E-35
60.25,1E-35,1E-35
60.35,1E-35,1E-35
60.45,1E-35,1E-35
60.55,1E-35,1E-35
60.65,1E-35,1E-35
60.75,1E-35,1E-35
60.85,1E-35,1E-35
60.95,1E-35,1E-35
61.05,1E-35,1E-35
61.15,1E-35,1E-35
61.25,1E-35,1E-35
61.35,1E-35,1E-35
61.45,1E-35,1E-35
61.55,1E-35,1E-35
61.65,1E-35,1E-35
61.75,1E-35,1E-35
61.85,1E-35,1E-35
61.95,1E-35,1E-35
62.05,1E-35,1E-35
62.15,1E-35,1E-35
62.25,1E-35,1E-35
62.35,1E-35,1E-35
62.45,1E-35,1E-35
62.55,1E-35,1E-35
62.65,1E-35,1E-35
62.75,1E-35,1E-35
62.85,1E-35,1E-35
62.95,1E-35,1E-35
63.05,1E-35,1E-35
63.15,1E-35,1E-35
63.25,1E-35,1E-35
63.35,1E-35,1E-35
63.45,1E-35,1E-35
63.55,1E-35,1E-35
63.65,1E-35,1E-35
63.75,1E-35,1E-35
63.85,1E-35,1E-35
63.95,1E-35,1E-35
64.05,1E-35,1E-35
64.15,1E-35,1E-35
64.25,1E-35,1E-35
64.35,1E-35,1E-35
64.45,1E-35,1E-35
64.55,1E-35,1E-35
64.65,1E-35,1E-35
64.75,1E-35,1E-35
64.85,1E-35,1E-35
64.95,1E-35,1E-35
65.05,1E-35,1E-35
65.15,1E-35,1E-35
65.25,1E-35,1E-35
65.35,1E-35,1E-35
65.45,1E-35,1E-35
65.55,1E-35,1E-35
65.65,1E-35,1E-35
65.75,1E-35,1E-35
65.85,1E-35,1E-35
65.95,1E-35,1E-35
66.05,1E-35,1E-35
66.15,1E-35,1E-35
66.25,1E-35,1E-35
66.35,1E-35,1E-35
66.45,1E-35,1E-35
66.55,1E-35,1E-35
66.65,1E-35,1E-35
66.75,1E-35,1E-35
66.85,1E-35,1E-35
66.95,1E-35,1E-35
67.05,1E-35,1E-35
67.15,1E-35,1E-35
67.25,1E-35,1E-35
67.35,1E-35,1E-35
67.45,1E-35,1E-35
67.55,1E-35,1E-35
67.65,1E-35,1E-35
67.75,1E-35,1E-35
67.85,1E-35,1E-35
67.95,1E-35,1E-35
68.05,1E-35,1E-35
68.15,1E-35,1E-35
68.25,1E-35,1E-35
68.35,1E-35,1E-35
68.45,1E-35,1E-35
68.55,1E-35,1E-35
68.65,1E-35,1E-35
68.75,1E-35,1E-35
68.85,1E-35,1E-35
68.95,1E-35,1E-35
69.05,1E-35,1E-35
69.15,1E-35,1E-35
69.25,1E-35,1E-35
69.35,1E-35,1E-35
69.45,1E-35,1E-35
69.55,1E-35,1E-35
69.65,1E-35,1E-35
69.75,1E-35,1E-35
69.85,1E-35,1E-35
69.95,1E-35,1E-35
70.05,1E-35,1E-35
70.15,1E-35,1E-35
70.25,1E-35,1E-35
70.35,1E-35,1E-35
70.45,1E-35,1E-35
70.55,1E-35,1E-35
70.65,1E-35,1E-35
70.75,1E-35,1E-35
70.85,1E-35,1E-35
70.95,1E-35,1E-35
71.05,1E-35,1E-35
71.15,1E-35,1E-35
71.25,1E-35,1E-35
71.35,1E-35,1E-35
71.45,1E-35,1E-35
71.55,1E-35,1E-35
71.65,1E-35,1E-35
71.75,1E-35,1E-35
71.85,1E-35,1E-35
71.95,1E-35,1E-35
72.05,1E-35,1E-35
72.15,1E-35,1E-35
72.25,1E-35,1E-35
72.35,1E-35,1E-35
72.45,1E-35,1E-35
72.55,1E-35,1E-35
72.65,1E-35,1E-35
72.75,1E-35,1E-35
72.85,1E-35,1E-35
72.95,1E-35,1E-35
73.05,1E-35,1E-35
73.15,1E-35,1E-35
73.25,1E-35,1E-35
73.35,1E-35,1E-35
73.45,1E-35,1E-35
73.55,1E-35,1E-35
73.65,1E-35,1E-35
73.75,1E-35,1E-35
73.85,1E-35,1E-35
73.95,1E-35,1E-35
74.05,1E-35,1E-35
74.15,1E-35,1E-35
74.25,1E-35,1E-35
74.35,1E-35,1E-35
74.45,1E-35,1E-35
74.55,1E-35,1E-35
74.65,1E-35,1E-35
74.75,1E-35,1E-35
74.85,1E-35,1E-35
74.95,1E-35,1E-35
75.05,1E-35,1E-35
75.15,1E-35,1E-35
75.25,1E-35,1E-35
75.35,1E-35,1E-35
75.45,1E-35,1E-35
75.55,1E-35,1E-35
75.65,1E-35,1E-35
75.75,1E-35,1E-35
75.85,1E-35,1E-35
75.95,1E-35,1E-35
76.05,1E-35,1E-35
76.15,1E-35,1E-35
76.25,1E-35,1E-35
76.35,1E-35,1E-35
76.45,1E-35,1E-35
76.55,1E-35,1E-35
76.65,1E-35,1E-35
76.75,1E-35,1E-35
76.85,1E-35,1E-35
76.95,1E-35,1E-35
77.05,1E-35,1E-35
77.15,1E-35,1E-35
77.25,1E-35,1E-35
77.35,1E-35,1E-35
77.45,1E-35,1E-35
77.55,1E-35,1E-35
77.65,1E-35,1E-35
77.75,1E-35,1E-35
77.85,1E-35,1E-35
77.95,1E-35,1E-35
78.05,1E-35,1E-35
78.15,1E-35,1E-35
78.25,1E-35,1E-35
78.35,1E-35,1E-35
78.45,1E-35,1E-35
78.55,1E-35,1E-35
78.65,1E-35,1E-35
78.75,1E-35,1E-35
78.85,1E-35,1E-35
78.95,1E-35,1E-35
79.05,1E-35,1E-35
79.15,1E-35,1E-35
79.25,1E-35,1E-35
79.35,1E-35,1E-35
79.45,1E-35,1E-35
79.55,1E-35,1E-35
79.65,1E-35,1E-35
79.75,1E-35,1E-35
79.85,1E-35,1E-35
79.95,1E-35,1E-35
80.05,1E-35,1E-35
80.15,1E-35,1E-35
80.25,1E-35,1E-35
80.35,1E-35,1E-35
80.45,1E-35,1E-35
80.55,1E-35,1E-35
80.65,1E-35,1E-35
80.75,1E-35,1E-35
80.85,1E-35,1E-35
80.95,1E-35,1E-35
81.05,1E-35,1E-35
81.15,1E-35,1E-35
81.25,1E-35,1E-35
81.35,1E-35,1E-35
81.45,1E-35,1E-35
81.55,1E-35,1E-35
81.65,1E-35,1E-35
81.75,1E-35,1E-35
81.85,1E-35,1E-35
81.95,1E-35,1E-35
82.05,1E-35,1E-35
82.15,1E-35,1E-35
82.25,1E-35,1E-35
82.35,1E-35,1E-35
82.45,1E-35,1E-35
82.55,1E-35,1E-35
82.65,1E-35,1E-35
82.75,1E-35,1E-35
82.85,1E-35,1E-35
82.95,1E-35,1E-35
83.05,1E-35,1E-35
83.15,1E-35,1E-35
83.25,1E-35,1E-35
83.35,1E-35,1E-35
83.45,1E-35,1E-35
83.55,1E-35,1E-35
83.65,1E-35,1E-35
83.75,1E-35,1E-35
83.85,1E-35,1E-35
83.95,1E-35,1E-35
84.05,1E-35,1E-35
84.15,1E-35,1E-35
84.25,1E-35,1E-35
84.35,1E-35,1E-35
84.45,1E-35,1E-35
84.55,1E-35,1E-35
84.65,1E-35,1E-35
84.75,1E-35,1E-35
84.85,1E-35,1E-35
84.95,1E-35,1E-35
85.05,1E-35,1E-35
85.15,1E-35,1E-35
85.25,1E-35,1E-35
85.35,1E-35,1E-35
85.45,1E-35,1E-35
85.55,1E-35,1E-35
85.65,1E-35,1E-35
85.75,1E-35,1E-35
85.85,1E-35,1E-35
85.95,1E-35,1E-35
86.05,1E-35,1E-35
86.15,1E-35,1E-35
86.25,1E-35,1E-35
86.35,1E-35,1E-35
86.45,1E-35,1E-35
86.55,1E-35,1E-35
86.65,1E-35,1E-35
86.75,1E-35,1E-35
86.85,1E-35,1E-35
86.95,1E-35,1E-35
87.05,1E-35,1E-35
87.15,1E-35,1E-35
87.25,1E-35,1E-35
87.35,1E-35,1E-35
87.45,1E-35,1E-35
87.55,1E-35,1E-35
87.65,1E-35,1E-35
87.75,1E-35,1E-35
87.85,1E-35,1E-35
87.95,1E-35,1E-35
88.05,1E-35,1E-35
88.15,1E-35,1E-35
88.25,1E-35,1E-35
88.35,1E-35,1E-35
88.45,1E-35,1E-35
88.55,1E-35,1E-35
88.65,1E-35,1E-35
88.75,1E-35,1E-35
88.85,1E-35,1E-35
88.95,1E-35,1E-35
89.05,1E-35,1E-35
89.15,1E-35,1E-35
89.25,1E-35,1E-35
89.35,1E-35,1E-35
89.45,1E-35,1E-35
89.55,1E-35,1E-35
89.65,1E-35,1E-35
89.75,1E-35,1E-35
89.85,1E-35,1E-35
89.95,1E-35,1E-35
90.05,1E-35,1E-35
90.15,1E-35,1E-35
90.25,1E-35,1E-35
90.35,1E-35,1E-35
90.45,1E-35,1E-35
90.55,1E-35,1E-35
90.65,1E-35,1E-35
90.75,1E-35,1E-35
90.85,1E-35,1E-35
90.95,1E-35,1E-35
91.05,1E-35,1E-35
91.15,1E-35,1E-35
91.25,1E-35,1E-35
91.35,1E-35,1E-35
91.45,1E-35,1E-35
91.55,1E-35,1E-35
91.65,1E-35,1E-35
91.75,1E-35,1E-35
91.85,1E-35,1E-35
91.95,1E-35,1E-35
92.05,1E-35,1E-35
92.15,1E-35,1E-35
92.25,1E-35,1E-35
92.35,1E-35,1E-35
92.45,1E-35,1E-35
92.55,1E-35,1E-35
92.65,1E-35,1E-35
92.75,1E-35,1E-35
92.85,1E-35,1E-35
92.95,1E-35,1E-35
93.05,1E-35,1E-35
93.15,1E-35,1E-35
93.25,1E-35,1E-35
93.35,1E-35,1E-35
93.45,1E-35,1E-35
93.55,1E-35,1E-35
93.65,1E-35,1E-35
93.75,1E-35,1E-35
93.85,1E-35,1E-35
93.95,1E-35,1E-35
94.05,1E-35,1E-35
94.15,1E-35,1E-35
94.25,1E-35,1E-35
94.35,1E-35,1E-35
94.45,1E-35,1E-35
94.55,1E-35,1E-35
94.65,1E-35,1E-35
94.75,1E-35,1E-35
94.85,1E-35,1E-35
94.95,1E-35,1E-35
95.05,1E-35,1E-35
95.15,1E-35,1E-35
95.25,1E-35,1E-35
95.35,1E-35,1E-35
95.45,1E-35,1E-35
95.55,1E-35,1E-35
95.65,1E-35,1E-35
95.75,1E-35,1E-35
95.85,1E-35,1E-35
95.95,1E-35,1E-35
96.05,1E-35,1E-35
96.15,1E-35,1E-35
96.25,1E-35,1E-35
96.35,1E-35,1E-35
96.45,1E-35,1E-35
96.55,1E-35,1E-35
96.65,1E-35,1E-35
96.75,1E-35,1E-35
96.85,1E-35,1E-35
96.95,1E-35,1E-35
97.05,1E-35,1E-35
97.15,1E-35,1E-35
97.25,1E-35,1E-35
97.35,1E-35,1E-35
97.45,1E-35,1E-35
97.55,1E-35,1E-35
97.65,1E-35,1E-35
97.75,1E-35,1E-35
97.85,1E-35,1E-35
97.95,1E-35,1E-35
98.05,1E-35,1E-35
98.15,1E-35,1E-35
98.25,1E-35,1E-35
98.35,1E-35,1E-35
98.45,1E-35,1E-35
98.55,1E-35,1E-35
98.65,1E-35,1E-35
98.75,1E-35,1E-35
98.85,1E-35,1E-35
98.95,1E-35,1E-35
99.05,1E-35,1E-35
99.15,1E-35,1E-35
99.25,1E-35,1E-35
99.35,1E-35,1E-35
99.45,1E-35,1E-35
99.55,1E-35,1E-35
99.65,1E-35,1E-35
99.75,1E-35,1E-35
99.85,1E-35,1E-35
99.95,1E-35,1E-35