0.05,1E-35,1E-35
0.15,1E-35,1E-35
0.25,1E-35,1E-35
0.35,1E-35,1E-35
0.45,1E-35,1E-35
0.55,1E-35,1E-35
0.65,1E-35,1E-35
0.75,1E-35,1E-35
0.85,1E-35,1E-35
0.95,1E-35,1E-35
1.05,2.18751E-12,1.93687E-12
1.15,4.40669E-12,5.21972E-12
1.25,1.16447E-11,9.52218E-12
1.35,4.00446E-10,4.44524E-10
1.45,2.30007E-10,2.71751E-10
1.55,6.0289E-10,6.37265E-10
1.65,1.98826E-9,2.29471E-9
1.75,7.5394E-8,7.94796E-8
1.85,3.05457E-8,3.07604E-8
1.95,3.21183E-9,3.32483E-9
2.05,1.09879E-8,1.12952E-8
2.15,6.12804E-9,6.42136E-9
2.25,7.46992E-9,7.7862E-9
2.35,1.47811E-8,1.4008E-8
2.45,1.01889E-8,1.07578E-8
2.55,1.17971E-8,1.23041E-8
2.65,1.28461E-8,1.3397E-8
2.75,1.53844E-8,1.57986E-8
2.85,1.5586E-8,1.64191E-8
2.95,1.70061E-8,1.80463E-8
3.05,1.83537E-8,1.94505E-8
3.15,1.9708E-8,2.10162E-8
3.25,2.0884E-8,2.2262E-8
3.35,2.18638E-8,2.36169E-8
3.45,2.2785E-8,2.47927E-8
3.55,2.36077E-8,2.57889E-8
3.65,2.46047E-8,2.69853E-8
3.75,2.50471E-8,2.78394E-8
3.85,2.57452E-8,2.85199E-8
3.95,2.62397E-8,2.95203E-8
4.05,2.65608E-8,3.01651E-8
4.15,2.70838E-8,3.09529E-8
4.25,2.7422E-8,3.12488E-8
4.35,2.77315E-8,3.20815E-8
4.45,2.77956E-8,3.22607E-8
4.55,2.81191E-8,3.29171E-8
4.65,2.80787E-8,3.32887E-8
4.75,2.81314E-8,3.33222E-8
4.85,2.81603E-8,3.35271E-8
4.95,2.81957E-8,3.38456E-8
5.05,2.83651E-8,3.41166E-8
5.15,2.81204E-8,3.41482E-8
5.25,2.79948E-8,3.41994E-8
5.35,2.79287E-8,3.42311E-8
5.45,2.77032E-8,3.42284E-8
5.55,2.76728E-8,3.4277E-8
5.65,2.73973E-8,3.40684E-8
5.75,2.73287E-8,3.41078E-8
5.85,2.6999E-8,3.40763E-8
5.95,2.66768E-8,3.38172E-8
6.05,2.6569E-8,3.38182E-8
6.15,2.63679E-8,3.34959E-8
6.25,2.62652E-8,3.34059E-8
6.35,2.58087E-8,3.29152E-8
6.45,2.56309E-8,3.29872E-8
6.55,2.54152E-8,3.26676E-8
6.65,2.52003E-8,3.25097E-8
6.75,2.48028E-8,3.2296E-8
6.85,2.44745E-8,3.19495E-8
6.95,2.42513E-8,3.2106E-8
7.05,2.40166E-8,3.14311E-8
7.15,2.37152E-8,3.12244E-8
7.25,2.35208E-8,3.10134E-8
7.35,6.79413E-8,1.04933E-7
7.45,2.29423E-8,3.04398E-8
7.55,2.25061E-8,3.02276E-8
7.65,2.28853E-8,3.07008E-8
7.75,2.2145E-8,2.96655E-8
7.85,2.18633E-8,2.94726E-8
7.95,2.19273E-8,2.9804E-8
8.05,2.12869E-8,2.90536E-8
8.15,2.11466E-8,2.86519E-8
8.25,2.10063E-8,2.87374E-8
8.35,8.05204E-7,1.33366E-6
8.45,2.03697E-8,2.77974E-8
8.55,2.00306E-8,2.75673E-8
8.65,1.97687E-8,2.71955E-8
8.75,2.7416E-8,4.18173E-8
8.85,1.93228E-8,2.67777E-8
8.95,1.9217E-8,2.6303E-8
9.05,1.88861E-8,2.60283E-8
9.15,1.85642E-8,2.58045E-8
9.25,1.86114E-8,2.59885E-8
9.35,1.80964E-8,2.55109E-8
9.45,1.81369E-8,2.50422E-8
9.55,3.55029E-8,5.77083E-8
9.65,3.26836E-7,5.61993E-7
9.75,1.73797E-8,2.47724E-8
9.85,3.92809E-8,6.64245E-8
9.95,1.63612E-7,2.69394E-7
10.05,1.66386E-8,2.35669E-8
10.15,2.23447E-8,3.43671E-8
10.25,1.61823E-8,2.24332E-8
10.35,1.48637E-8,1.99609E-8
10.45,1.4468E-8,1.97416E-8
10.55,1.45348E-8,1.97723E-8
10.65,1.42526E-8,1.95959E-8
10.75,1.42341E-8,1.9423E-8
10.85,1.40216E-8,1.91631E-8
10.95,1.5592E-8,2.20553E-8
11.05,1.37356E-8,1.90678E-8
11.15,1.37421E-8,1.89407E-8
11.25,1.34618E-8,1.86601E-8
11.35,6.70377E-8,1.09084E-7
11.45,1.37038E-8,1.91076E-8
11.55,1.86772E-8,2.74651E-8
11.65,1.77008E-8,2.56857E-8
11.75,1.24031E-8,1.67437E-8
11.85,1.24242E-8,1.70378E-8
11.95,1.20386E-8,1.66903E-8
12.05,1.35514E-8,1.92103E-8
12.15,1.16279E-8,1.59106E-8
12.25,1.15826E-8,1.5892E-8
12.35,1.13458E-8,1.57218E-8
12.45,1.13956E-8,1.57486E-8
12.55,1.11649E-8,1.56283E-8
12.65,1.11142E-8,1.53774E-8
12.75,1.1034E-8,1.52563E-8
12.85,1.09146E-8,1.52167E-8
12.95,1.06975E-8,1.52115E-8
13.05,1.05258E-8,1.50006E-8
13.15,1.04732E-8,1.48731E-8
13.25,1.04646E-8,1.46304E-8
13.35,1.04062E-8,1.46195E-8
13.45,1.01236E-8,1.44854E-8
13.55,1.00811E-8,1.43917E-8
13.65,9.95008E-9,1.43199E-8
13.75,9.94761E-9,1.40982E-8
13.85,9.89359E-9,1.4159E-8
13.95,9.7645E-9,1.39554E-8
14.05,9.60895E-9,1.39058E-8
14.15,9.5416E-9,1.37524E-8
14.25,9.28979E-9,1.36336E-8
14.35,9.28732E-9,1.36102E-8
14.45,9.30489E-9,1.34532E-8
14.55,9.16538E-9,1.33551E-8
14.65,9.06196E-9,1.32296E-8
14.75,8.9254E-9,1.30229E-8
14.85,8.81929E-9,1.29343E-8
14.95,8.75505E-9,1.28357E-8
15.05,8.64463E-9,1.27499E-8
15.15,8.57676E-9,1.26272E-8
15.25,8.51746E-9,1.25163E-8
15.35,8.35553E-9,1.24018E-8
15.45,8.29846E-9,1.23993E-8
15.55,8.18514E-9,1.23457E-8
15.65,8.13276E-9,1.21623E-8
15.75,8.04048E-9,1.20298E-8
15.85,8.05376E-9,1.20286E-8
15.95,7.88541E-9,1.18611E-8
16.05,7.87652E-9,1.17966E-8
16.15,7.74933E-9,1.16662E-8
16.25,7.66609E-9,1.15672E-8
16.35,7.54733E-9,1.14348E-8
16.45,7.43019E-9,1.14164E-8
16.55,7.40647E-9,1.13111E-8
16.65,7.29906E-9,1.126E-8
16.75,7.26093E-9,1.11615E-8
16.85,7.20702E-9,1.10939E-8
16.95,7.15889E-9,1.10463E-8
17.05,6.97648E-9,1.08397E-8
17.15,6.91991E-9,1.07126E-8
17.25,6.81803E-9,1.06051E-8
17.35,6.76226E-9,1.05742E-8
17.45,6.76143E-9,1.04558E-8
17.55,6.64936E-9,1.04326E-8
17.65,6.65647E-9,1.03699E-8
17.75,6.54432E-9,1.03319E-8
17.85,6.46163E-9,1.01911E-8
17.95,6.34702E-9,1.00797E-8
18.05,6.28497E-9,9.97843E-9
18.15,6.20133E-9,9.87443E-9
18.25,6.12581E-9,9.79703E-9
18.35,6.08449E-9,9.85723E-9
18.45,6.05152E-9,9.66352E-9
18.55,6.00275E-9,9.51105E-9
18.65,5.91174E-9,9.52545E-9
18.75,5.81424E-9,9.47233E-9
18.85,5.7883E-9,9.50234E-9
18.95,5.69547E-9,9.27928E-9
19.05,5.66239E-9,9.20717E-9
19.15,5.58535E-9,9.05754E-9
19.25,5.50961E-9,9.03758E-9
19.35,5.45939E-9,8.96285E-9
19.45,5.46047E-9,8.8042E-9
19.55,5.32491E-9,8.78974E-9
19.65,5.22414E-9,8.71518E-9
19.75,5.15943E-9,8.69129E-9
19.85,5.17965E-9,8.6415E-9
19.95,5.14495E-9,8.52788E-9
20.05,5.02464E-9,8.43263E-9
20.15,5.04548E-9,8.41631E-9
20.25,4.92216E-9,8.37299E-9
20.35,4.86084E-9,8.20313E-9
20.45,4.80169E-9,8.11303E-9
20.55,4.78815E-9,8.13377E-9
20.65,4.69329E-9,8.03055E-9
20.75,4.66481E-9,8.01377E-9
20.85,4.567E-9,8.02747E-9
20.95,4.53809E-9,7.74503E-9
21.05,4.53315E-9,7.83202E-9
21.15,4.45221E-9,7.71183E-9
21.25,4.42703E-9,7.66177E-9
21.35,4.34985E-9,7.55875E-9
21.45,4.21994E-9,7.58355E-9
21.55,4.24044E-9,7.46637E-9
21.65,4.17707E-9,7.39564E-9
21.75,4.09681E-9,7.3252E-9
21.85,4.04429E-9,7.3194E-9
21.95,4.06565E-9,7.17795E-9
22.05,3.98493E-9,7.23571E-9
22.15,3.94227E-9,7.07915E-9
22.25,3.89464E-9,7.05129E-9
22.35,3.77532E-9,7.00849E-9
22.45,3.7759E-9,6.93367E-9
22.55,3.70476E-9,6.82224E-9
22.65,3.64133E-9,6.82803E-9
22.75,3.59856E-9,6.84824E-9
22.85,3.51576E-9,6.69088E-9
22.95,3.54221E-9,6.6278E-9
23.05,3.44996E-9,6.59581E-9
23.15,3.41439E-9,6.48007E-9
23.25,3.3841E-9,6.43689E-9
23.35,3.33841E-9,6.47224E-9
23.45,3.21672E-9,6.38822E-9
23.55,3.25779E-9,6.25869E-9
23.65,3.16015E-9,6.24895E-9
23.75,3.12049E-9,6.20159E-9
23.85,3.0802E-9,6.13267E-9
23.95,3.09268E-9,6.12748E-9
24.05,3.03446E-9,6.1281E-9
24.15,2.9601E-9,6.04835E-9
24.25,2.88091E-9,6.03997E-9
24.35,2.84166E-9,5.93304E-9
24.45,2.82694E-9,5.8186E-9
24.55,2.74399E-9,5.81601E-9
24.65,2.73774E-9,5.74363E-9
24.75,2.67969E-9,5.78392E-9
24.85,2.5939E-9,5.59349E-9
24.95,2.59352E-9,5.63033E-9
25.05,2.52246E-9,5.58687E-9
25.15,2.51561E-9,5.57961E-9
25.25,2.49169E-9,5.57606E-9
25.35,2.36466E-9,5.57127E-9
25.45,2.39125E-9,5.38178E-9
25.55,2.34414E-9,5.31928E-9
25.65,2.27087E-9,5.31556E-9
25.75,2.22528E-9,5.24525E-9
25.85,2.16241E-9,5.21153E-9
25.95,2.1587E-9,5.18002E-9
26.05,2.08054E-9,5.07677E-9
26.15,2.08069E-9,5.09177E-9
26.25,2.02131E-9,5.01694E-9
26.35,1.99934E-9,4.98854E-9
26.45,1.91906E-9,5.02762E-9
26.55,1.9074E-9,4.81412E-9
26.65,1.85595E-9,4.89999E-9
26.75,1.80986E-9,4.81205E-9
26.85,1.78627E-9,4.71267E-9
26.95,1.69399E-9,4.68043E-9
27.05,1.71913E-9,4.68741E-9
27.15,1.6473E-9,4.67512E-9
27.25,1.59979E-9,4.57956E-9
27.35,1.50481E-9,4.57303E-9
27.45,1.49725E-9,4.47245E-9
27.55,1.4521E-9,4.4733E-9
27.65,1.39532E-9,4.46497E-9
27.75,1.36704E-9,4.37258E-9
27.85,1.32817E-9,4.34293E-9
27.95,1.29324E-9,4.36168E-9
28.05,1.23576E-9,4.22615E-9
28.15,1.19231E-9,4.18508E-9
28.25,1.1287E-9,4.18157E-9
28.35,1.08357E-9,4.16424E-9
28.45,1.01703E-9,4.14065E-9
28.55,9.70081E-10,4.0907E-9
28.65,8.86501E-10,4.04453E-9
28.75,8.61653E-10,3.92507E-9
28.85,8.14763E-10,3.97068E-9
28.95,7.81304E-10,3.87141E-9
29.05,7.23938E-10,3.77622E-9
29.15,6.73908E-10,3.89252E-9
29.25,6.1777E-10,3.75467E-9
29.35,5.61503E-10,3.78028E-9
29.45,5.11078E-10,3.6927E-9
29.55,4.25091E-10,3.64111E-9
29.65,3.22849E-10,3.60374E-9
29.75,2.88772E-10,3.5807E-9
29.85,2.28657E-10,3.62451E-9
29.95,1.76055E-10,3.50197E-9
30.05,1E-35,3.49094E-9
30.15,1E-35,3.52458E-9
30.25,1E-35,3.42332E-9
30.35,1E-35,3.36741E-9
30.45,1E-35,3.36047E-9
30.55,1E-35,3.31685E-9
30.65,1E-35,3.27913E-9
30.75,1E-35,3.22439E-9
30.85,1E-35,3.23259E-9
30.95,1E-35,3.14705E-9
31.05,1E-35,3.16952E-9
31.15,1E-35,3.11788E-9
31.25,1E-35,3.08167E-9
31.35,1E-35,3.03828E-9
31.45,1E-35,3.01667E-9
31.55,1E-35,2.96623E-9
31.65,1E-35,2.96364E-9
31.75,1E-35,2.88269E-9
31.85,1E-35,2.90775E-9
31.95,1E-35,2.82223E-9
32.05,1E-35,2.83816E-9
32.15,1E-35,2.75997E-9
32.25,1E-35,2.74037E-9
32.35,1E-35,2.74462E-9
32.45,1E-35,2.67438E-9
32.55,1E-35,2.63478E-9
32.65,1E-35,2.60848E-9
32.75,1E-35,2.57326E-9
32.85,1E-35,2.55259E-9
32.95,1E-35,2.50104E-9
33.05,1E-35,2.44792E-9
33.15,1E-35,2.45372E-9
33.25,1E-35,2.39145E-9
33.35,1E-35,2.35756E-9
33.45,1E-35,2.36333E-9
33.55,1E-35,2.29291E-9
33.65,1E-35,2.27843E-9
33.75,1E-35,2.2896E-9
33.85,1E-35,2.22408E-9
33.95,1E-35,2.23866E-9
34.05,1E-35,2.15714E-9
34.15,1E-35,2.12504E-9
34.25,1E-35,2.10939E-9
34.35,1E-35,2.05146E-9
34.45,1E-35,2.04935E-9
34.55,1E-35,1.96418E-9
34.65,1E-35,1.9964E-9
34.75,1E-35,1.94004E-9
34.85,1E-35,1.89715E-9
34.95,1E-35,1.87809E-9
35.05,1E-35,1.84675E-9
35.15,1E-35,1.84539E-9
35.25,1E-35,1.84071E-9
35.35,1E-35,1.75706E-9
35.45,1E-35,1.76732E-9
35.55,1E-35,1.72026E-9
35.65,1E-35,1.67736E-9
35.75,1E-35,1.6363E-9
35.85,1E-35,1.60683E-9
35.95,1E-35,1.6101E-9
36.05,1E-35,1.53199E-9
36.15,1E-35,1.51459E-9
36.25,1E-35,1.50577E-9
36.35,1E-35,1.46173E-9
36.45,1E-35,1.41603E-9
36.55,1E-35,1.44592E-9
36.65,1E-35,1.32852E-9
36.75,1E-35,1.33996E-9
36.85,1E-35,1.28133E-9
36.95,1E-35,1.21476E-9
37.05,1E-35,1.27382E-9
37.15,1E-35,1.21665E-9
37.25,1E-35,1.17958E-9
37.35,1E-35,1.15358E-9
37.45,1E-35,1.12286E-9
37.55,1E-35,1.06305E-9
37.65,1E-35,1.08036E-9
37.75,1E-35,1.00515E-9
37.85,1E-35,9.84895E-10
37.95,1E-35,9.52071E-10
38.05,1E-35,8.95574E-10
38.15,1E-35,8.6608E-10
38.25,1E-35,8.39775E-10
38.35,1E-35,7.99371E-10
38.45,1E-35,7.55197E-10
38.55,1E-35,7.26735E-10
38.65,1E-35,7.04875E-10
38.75,1E-35,6.64521E-10
38.85,1E-35,6.12295E-10
38.95,1E-35,5.51427E-10
39.05,1E-35,5.54056E-10
39.15,1E-35,4.93324E-10
39.25,1E-35,4.21056E-10
39.35,1E-35,4.0524E-10
39.45,1E-35,3.67852E-10
39.55,1E-35,2.974E-10
39.65,1E-35,2.5932E-10
39.75,1E-35,1.99564E-10
39.85,1E-35,1.75143E-10
39.95,1E-35,1.18957E-10
40.05,1E-35,1E-35
40.15,1E-35,1E-35
40.25,1E-35,1E-35
40.35,1E-35,1E-35
40.45,1E-35,1E-35
40.55,1E-35,1E-35
40.65,1E-35,1E-35
40.75,1E-35,1E-35
40.85,1E-35,1E-35
40.95,1E-35,1E-35
41.05,1E-35,1E-35
41.15,1E-35,1E-35
41.25,1E-35,1E-35
41.35,1E-35,1E-35
41.45,1E-35,1E-35
41.55,1E-35,1E-35
41.65,1E-35,1E-35
41.75,1E-35,1E-35
41.85,1E-35,1E-35
41.95,1E-35,1E-35
42.05,1E-35,1E-35
42.15,1E-35,1E-35
42.25,1E-35,1E-35
42.35,1E-35,1E-35
42.45,1E-35,1E-35
42.55,1E-35,1E-35
42.65,1E-35,1E-35
42.75,1E-35,1E-35
42.85,1E-35,1E-35
42.95,1E-35,1E-35
43.05,1E-35,1E-35
43.15,1E-35,1E-35
43.25,1E-35,1E-35
43.35,1E-35,1E-35
43.45,1E-35,1E-35
43.55,1E-35,1E-35
43.65,1E-35,1E-35
43.75,1E-35,1E-35
43.85,1E-35,1E-35
43.95,1E-35,1E-35
44.05,1E-35,1E-35
44.15,1E-35,1E-35
44.25,1E-35,1E-35
44.35,1E-35,1E-35
44.45,1E-35,1E-35
44.55,1E-35,1E-35
44.65,1E-35,1E-35
44.75,1E-35,1E-35
44.85,1E-35,1E-35
44.95,1E-35,1E-35
45.05,1E-35,1E-35
45.15,1E-35,1E-35
45.25,1E-35,1E-35
45.35,1E-35,1E-35
45.45,1E-35,1E-35
45.55,1E-35,1E-35
45.65,1E-35,1E-35
45.75,1E-35,1E-35
45.85,1E-35,1E-35
45.95,1E-35,1E-35
46.05,1E-35,1E-35
46.15,1E-35,1E-35
46.25,1E-35,1E-35
46.35,1E-35,1E-35
46.45,1E-35,1E-35
46.55,1E-35,1E-35
46.65,1E-35,1E-35
46.75,1E-35,1E-35
46.85,1E-35,1E-35
46.95,1E-35,1E-35
47.05,1E-35,1E-35
47.15,1E-35,1E-35
47.25,1E-35,1E-35
47.35,1E-35,1E-35
47.45,1E-35,1E-35
47.55,1E-35,1E-35
47.65,1E-35,1E-35
47.75,1E-35,1E-35
47.85,1E-35,1E-35
47.95,1E-35,1E-35
48.05,1E-35,1E-35
48.15,1E-35,1E-35
48.25,1E-35,1E-35
48.35,1E-35,1E-35
48.45,1E-35,1E-35
48.55,1E-35,1E-35
48.65,1E-35,1E-35
48.75,1E-35,1E-35
48.85,1E-35,1E-35
48.95,1E-35,1E-35
49.05,1E-35,1E-35
49.15,1E-35,1E-35
49.25,1E-35,1E-35
49.35,1E-35,1E-35
49.45,1E-35,1E-35
49.55,1E-35,1E-35
49.65,1E-35,1E-35
49.75,1E-35,1E-35
49.85,1E-35,1E-35
49.95,1E-35,1E-35
50.05,1E-35,1E-35
50.15,1E-35,1E-35
50.25,1E-35,1E-35
50.35,1E-35,1E-35
50.45,1E-35,1E-35
50.55,1E-35,1E-35
50.65,1E-35,1E-35
50.75,1E-35,1E-35
50.85,1E-35,1E-35
50.95,1E-35,1E-35
51.05,1E-35,1E-35
51.15,1E-35,1E-35
51.25,1E-35,1E-35
51.35,1E-35,1E-35
51.45,1E-35,1E-35
51.55,1E-35,1E-35
51.65,1E-35,1E-35
51.75,1E-35,1E-35
51.85,1E-35,1E-35
51.95,1E-35,1E-35
52.05,1E-35,1E-35
52.15,1E-35,1E-35
52.25,1E-35,1E-35
52.35,1E-35,1E-35
52.45,1E-35,1E-35
52.55,1E-35,1E-35
52.65,1E-35,1E-35
52.75,1E-35,1E-35
52.85,1E-35,1E-35
52.95,1E-35,1E-35
53.05,1E-35,1E-35
53.15,1E-35,1E-35
53.25,1E-35,1E-35
53.35,1E-35,1E-35
53.45,1E-35,1E-35
53.55,1E-35,1E-35
53.65,1E-35,1E-35
53.75,1E-35,1E-35
53.85,1E-35,1E-35
53.95,1E-35,1E-35
54.05,1E-35,1E-35
54.15,1E-35,1E-35
54.25,1E-35,1E-35
54.35,1E-35,1E-35
54.45,1E-35,1E-35
54.55,1E-35,1E-35
54.65,1E-35,1E-35
54.75,1E-35,1E-35
54.85,1E-35,1E-35
54.95,1E-35,1E-35
55.05,1E-35,1E-35
55.15,1E-35,1E-35
55.25,1E-35,1E-35
55.35,1E-35,1E-35
55.45,1E-35,1E-35
55.55,1E-35,1E-35
55.65,1E-35,1E-35
55.75,1E-35,1E-35
55.85,1E-35,1E-35
55.95,1E-35,1E-35
56.05,1E-35,1E-35
56.15,1E-35,1E-35
56.25,1E-35,1E-35
56.35,1E-35,1E-35
56.45,1E-35,1E-35
56.55,1E-35,1E-35
56.65,1E-35,1E-35
56.75,1E-35,1E-35
56.85,1E-35,1E-35
56.95,1E-35,1E-35
57.05,1E-35,1E-35
57.15,1E-35,1E-35
57.25,1E-35,1E-35
57.35,1E-35,1E-35
57.45,1E-35,1E-35
57.55,1E-35,1E-35
57.65,1E-35,1E-35
57.75,1E-35,1E-35
57.85,1E-35,1E-35
57.95,1E-35,1E-35
58.05,1E-35,1E-35
58.15,1E-35,1E-35
58.25,1E-35,1E-35
58.35,1E-35,1E-35
58.45,1E-35,1E-35
58.55,1E-35,1E-35
58.65,1E-35,1E-35
58.75,1E-35,1E-35
58.85,1E-35,1E-35
58.95,1E-35,1E-35
59.05,1E-35,1E-35
59.15,1E-35,1E-35
59.25,1E-35,1E-35
59.35,1E-35,1E-35
59.45,1E-35,1E-35
59.55,1E-35,1E-35
59.65,1E-35,1E-35
59.75,1E-35,1E-35
59.85,1E-35,1E-35
59.95,1E-35,1E-35
60.05,1E-35,1E-35
60.15,1E-35,1E-35
60.25,1E-35,1E-35
60.35,1E-35,1E-35
60.45,1E-35,1E-35
60.55,1E-35,1E-35
60.65,1E-35,1E-35
60.75,1E-35,1E-35
60.85,1E-35,1E-35
60.95,1E-35,1E-35
61.05,1E-35,1E-35
61.15,1E-35,1E-35
61.25,1E-35,1E-35
61.35,1E-35,1E-35
61.45,1E-35,1E-35
61.55,1E-35,1E-35
61.65,1E-35,1E-35
61.75,1E-35,1E-35
61.85,1E-35,1E-35
61.95,1E-35,1E-35
62.05,1E-35,1E-35
62.15,1E-35,1E-35
62.25,1E-35,1E-35
62.35,1E-35,1E-35
62.45,1E-35,1E-35
62.55,1E-35,1E-35
62.65,1E-35,1E-35
62.75,1E-35,1E-35
62.85,1E-35,1E-35
62.95,1E-35,1E-35
63.05,1E-35,1E-35
63.15,1E-35,1E-35
63.25,1E-35,1E-35
63.35,1E-35,1E-35
63.45,1E-35,1E-35
63.55,1E-35,1E-35
63.65,1E-35,1E-35
63.75,1E-35,1E-35
63.85,1E-35,1E-35
63.95,1E-35,1E-35
64.05,1E-35,1E-35
64.15,1E-35,1E-35
64.25,1E-35,1E-35
64.35,1E-35,1E-35
64.45,1E-35,1E-35
64.55,1E-35,1E-35
64.65,1E-35,1E-35
64.75,1E-35,1E-35
64.85,1E-35,1E-35
64.95,1E-35,1E-35
65.05,1E-35,1E-35
65.15,1E-35,1E-35
65.25,1E-35,1E-35
65.35,1E-35,1E-35
65.45,1E-35,1E-35
65.55,1E-35,1E-35
65.65,1E-35,1E-35
65.75,1E-35,1E-35
65.85,1E-35,1E-35
65.95,1E-35,1E-35
66.05,1E-35,1E-35
66.15,1E-35,1E-35
66.25,1E-35,1E-35
66.35,1E-35,1E-35
66.45,1E-35,1E-35
66.55,1E-35,1E-35
66.65,1E-35,1E-35
66.75,1E-35,1E-35
66.85,1E-35,1E-35
66.95,1E-35,1E-35
67.05,1E-35,1E-35
67.15,1E-35,1E-35
67.25,1E-35,1E-35
67.35,1E-35,1E-35
67.45,1E-35,1E-35
67.55,1E-35,1E-35
67.65,1E-35,1E-35
67.75,1E-35,1E-35
67.85,1E-35,1E-35
67.95,1E-35,1E-35
68.05,1E-35,1E-35
68.15,1E-35,1E-35
68.25,1E-35,1E-35
68.35,1E-35,1E-35
68.45,1E-35,1E-35
68.55,1E-35,1E-35
68.65,1E-35,1E-35
68.75,1E-35,1E-35
68.85,1E-35,1E-35
68.95,1E-35,1E-35
69.05,1E-35,1E-35
69.15,1E-35,1E-35
69.25,1E-35,1E-35
69.35,1E-35,1E-35
69.45,1E-35,1E-35
69.55,1E-35,1E-35
69.65,1E-35,1E-35
69.75,1E-35,1E-35
69.85,1E-35,1E-35
69.95,1E-35,1E-35
70.05,1E-35,1E-35
70.15,1E-35,1E-35
70.25,1E-35,1E-35
70.35,1E-35,1E-35
70.45,1E-35,1E-35
70.55,1E-35,1E-35
70.65,1E-35,1E-35
70.75,1E-35,1E-35
70.85,1E-35,1E-35
70.95,1E-35,1E-35
71.05,1E-35,1E-35
71.15,1E-35,1E-35
71.25,1E-35,1E-35
71.35,1E-35,1E-35
71.45,1E-35,1E-35
71.55,1E-35,1E-35
71.65,1E-35,1E-35
71.75,1E-35,1E-35
71.85,1E-35,1E-35
71.95,1E-35,1E-35
72.05,1E-35,1E-35
72.15,1E-35,1E-35
72.25,1E-35,1E-35
72.35,1E-35,1E-35
72.45,1E-35,1E-35
72.55,1E-35,1E-35
72.65,1E-35,1E-35
72.75,1E-35,1E-35
72.85,1E-35,1E-35
72.95,1E-35,1E-35
73.05,1E-35,1E-35
73.15,1E-35,1E-35
73.25,1E-35,1E-35
73.35,1E-35,1E-35
73.45,1E-35,1E-35
73.55,1E-35,1E-35
73.65,1E-35,1E-35
73.75,1E-35,1E-35
73.85,1E-35,1E-35
73.95,1E-35,1E-35
74.05,1E-35,1E-35
74.15,1E-35,1E-35
74.25,1E-35,1E-35
74.35,1E-35,1E-35
74.45,1E-35,1E-35
74.55,1E-35,1E-35
74.65,1E-35,1E-35
74.75,1E-35,1E-35
74.85,1E-35,1E-35
74.95,1E-35,1E-35
75.05,1E-35,1E-35
75.15,1E-35,1E-35
75.25,1E-35,1E-35
75.35,1E-35,1E-35
75.45,1E-35,1E-35
75.55,1E-35,1E-35
75.65,1E-35,1E-35
75.75,1E-35,1E-35
75.85,1E-35,1E-35
75.95,1E-35,1E-35
76.05,1E-35,1E-35
76.15,1E-35,1E-35
76.25,1E-35,1E-35
76.35,1E-35,1E-35
76.45,1E-35,1E-35
76.55,1E-35,1E-35
76.65,1E-35,1E-35
76.75,1E-35,1E-35
76.85,1E-35,1E-35
76.95,1E-35,1E-35
77.05,1E-35,1E-35
77.15,1E-35,1E-35
77.25,1E-35,1E-35
77.35,1E-35,1E-35
77.45,1E-35,1E-35
77.55,1E-35,1E-35
77.65,1E-35,1E-35
77.75,1E-35,1E-35
77.85,1E-35,1E-35
77.95,1E-35,1E-35
78.05,1E-35,1E-35
78.15,1E-35,1E-35
78.25,1E-35,1E-35
78.35,1E-35,1E-35
78.45,1E-35,1E-35
78.55,1E-35,1E-35
78.65,1E-35,1E-35
78.75,1E-35,1E-35
78.85,1E-35,1E-35
78.95,1E-35,1E-35
79.05,1E-35,1E-35
79.15,1E-35,1E-35
79.25,1E-35,1E-35
79.35,1E-35,1E-35
79.45,1E-35,1E-35
79.55,1E-35,1E-35
79.65,1E-35,1E-35
79.75,1E-35,1E-35
79.85,1E-35,1E-35
79.95,1E-35,1E-35
80.05,1E-35,1E-35
80.15,1E-35,1E-35
80.25,1E-35,1E-35
80.35,1E-35,1E-35
80.45,1E-35,1E-35
80.55,1E-35,1E-35
80.65,1E-35,1E-35
80.75,1E-35,1E-35
80.85,1E-35,1E-35
80.95,1E-35,1E-35
81.05,1E-35,1E-35
81.15,1E-35,1E-35
81.25,1E-35,1E-35
81.35,1E-35,1E-35
81.45,1E-35,1E-35
81.55,1E-35,1E-35
81.65,1E-35,1E-35
81.75,1E-35,1E-35
81.85,1E-35,1E-35
81.95,1E-35,1E-35
82.05,1E-35,1E-35
82.15,1E-35,1E-35
82.25,1E-35,1E-35
82.35,1E-35,1E-35
82.45,1E-35,1E-35
82.55,1E-35,1E-35
82.65,1E-35,1E-35
82.75,1E-35,1E-35
82.85,1E-35,1E-35
82.95,1E-35,1E-35
83.05,1E-35,1E-35
83.15,1E-35,1E-35
83.25,1E-35,1E-35
83.35,1E-35,1E-35
83.45,1E-35,1E-35
83.55,1E-35,1E-35
83.65,1E-35,1E-35
83.75,1E-35,1E-35
83.85,1E-35,1E-35
83.95,1E-35,1E-35
84.05,1E-35,1E-35
84.15,1E-35,1E-35
84.25,1E-35,1E-35
84.35,1E-35,1E-35
84.45,1E-35,1E-35
84.55,1E-35,1E-35
84.65,1E-35,1E-35
84.75,1E-35,1E-35
84.85,1E-35,1E-35
84.95,1E-35,1E-35
85.05,1E-35,1E-35
85.15,1E-35,1E-35
85.25,1E-35,1E-35
85.35,1E-35,1E-35
85.45,1E-35,1E-35
85.55,1E-35,1E-35
85.65,1E-35,1E-35
85.75,1E-35,1E-35
85.85,1E-35,1E-35
85.95,1E-35,1E-35
86.05,1E-35,1E-35
86.15,1E-35,1E-35
86.25,1E-35,1E-35
86.35,1E-35,1E-35
86.45,1E-35,1E-35
86.55,1E-35,1E-35
86.65,1E-35,1E-35
86.75,1E-35,1E-35
86.85,1E-35,1E-35
86.95,1E-35,1E-35
87.05,1E-35,1E-35
87.15,1E-35,1E-35
87.25,1E-35,1E-35
87.35,1E-35,1E-35
87.45,1E-35,1E-35
87.55,1E-35,1E-35
87.65,1E-35,1E-35
87.75,1E-35,1E-35
87.85,1E-35,1E-35
87.95,1E-35,1E-35
88.05,1E-35,1E-35
88.15,1E-35,1E-35
88.25,1E-35,1E-35
88.35,1E-35,1E-35
88.45,1E-35,1E-35
88.55,1E-35,1E-35
88.65,1E-35,1E-35
88.75,1E-35,1E-35
88.85,1E-35,1E-35
88.95,1E-35,1E-35
89.05,1E-35,1E-35
89.15,1E-35,1E-35
89.25,1E-35,1E-35
89.35,1E-35,1E-35
89.45,1E-35,1E-35
89.55,1E-35,1E-35
89.65,1E-35,1E-35
89.75,1E-35,1E-35
89.85,1E-35,1E-35
89.95,1E-35,1E-35
90.05,1E-35,1E-35
90.15,1E-35,1E-35
90.25,1E-35,1E-35
90.35,1E-35,1E-35
90.45,1E-35,1E-35
90.55,1E-35,1E-35
90.65,1E-35,1E-35
90.75,1E-35,1E-35
90.85,1E-35,1E-35
90.95,1E-35,1E-35
91.05,1E-35,1E-35
91.15,1E-35,1E-35
91.25,1E-35,1E-35
91.35,1E-35,1E-35
91.45,1E-35,1E-35
91.55,1E-35,1E-35
91.65,1E-35,1E-35
91.75,1E-35,1E-35
91.85,1E-35,1E-35
91.95,1E-35,1E-35
92.05,1E-35,1E-35
92.15,1E-35,1E-35
92.25,1E-35,1E-35
92.35,1E-35,1E-35
92.45,1E-35,1E-35
92.55,1E-35,1E-35
92.65,1E-35,1E-35
92.75,1E-35,1E-35
92.85,1E-35,1E-35
92.95,1E-35,1E-35
93.05,1E-35,1E-35
93.15,1E-35,1E-35
93.25,1E-35,1E-35
93.35,1E-35,1E-35
93.45,1E-35,1E-35
93.55,1E-35,1E-35
93.65,1E-35,1E-35
93.75,1E-35,1E-35
93.85,1E-35,1E-35
93.95,1E-35,1E-35
94.05,1E-35,1E-35
94.15,1E-35,1E-35
94.25,1E-35,1E-35
94.35,1E-35,1E-35
94.45,1E-35,1E-35
94.55,1E-35,1E-35
94.65,1E-35,1E-35
94.75,1E-35,1E-35
94.85,1E-35,1E-35
94.95,1E-35,1E-35
95.05,1E-35,1E-35
95.15,1E-35,1E-35
95.25,1E-35,1E-35
95.35,1E-35,1E-35
95.45,1E-35,1E-35
95.55,1E-35,1E-35
95.65,1E-35,1E-35
95.75,1E-35,1E-35
95.85,1E-35,1E-35
95.95,1E-35,1E-35
96.05,1E-35,1E-35
96.15,1E-35,1E-35
96.25,1E-35,1E-35
96.35,1E-35,1E-35
96.45,1E-35,1E-35
96.55,1E-35,1E-35
96.65,1E-35,1E-35
96.75,1E-35,1E-35
96.85,1E-35,1E-35
96.95,1E-35,1E-35
97.05,1E-35,1E-35
97.15,1E-35,1E-35
97.25,1E-35,1E-35
97.35,1E-35,1E-35
97.45,1E-35,1E-35
97.55,1E-35,1E-35
97.65,1E-35,1E-35
97.75,1E-35,1E-35
97.85,1E-35,1E-35
97.95,1E-35,1E-35
98.05,1E-35,1E-35
98.15,1E-35,1E-35
98.25,1E-35,1E-35
98.35,1E-35,1E-35
98.45,1E-35,1E-35
98.55,1E-35,1E-35
98.65,1E-35,1E-35
98.75,1E-35,1E-35
98.85,1E-35,1E-35
98.95,1E-35,1E-35
99.05,1E-35,1E-35
99.15,1E-35,1E-35
99.25,1E-35,1E-35
99.35,1E-35,1E-35
99.45,1E-35,1E-35
99.55,1E-35,1E-35
99.65,1E-35,1E-35
99.75,1E-35,1E-35
99.85,1E-35,1E-35
99.95,1E-35,1E-35