0.05,1E-35,1E-35
0.15,1E-35,1E-35
0.25,1E-35,1E-35
0.35,1E-35,1E-35
0.45,1E-35,1E-35
0.55,1E-35,1E-35
0.65,1E-35,1E-35
0.75,1E-35,1E-35
0.85,1E-35,1E-35
0.95,1E-35,1E-35
1.05,1.93687E-12,1.60479E-12
1.15,5.21972E-12,1.86671E-12
1.25,9.52218E-12,8.58E-12
1.35,4.44524E-10,2.72775E-10
1.45,2.71751E-10,3.1762E-10
1.55,6.37265E-10,6.61093E-10
1.65,2.29471E-9,2.25187E-9
1.75,7.94796E-8,8.05089E-8
1.85,3.07604E-8,2.66298E-8
1.95,3.32483E-9,3.35074E-9
2.05,1.12952E-8,1.11615E-8
2.15,6.42136E-9,6.63613E-9
2.25,7.7862E-9,7.96481E-9
2.35,1.4008E-8,1.43409E-8
2.45,1.07578E-8,1.09725E-8
2.55,1.23041E-8,1.25223E-8
2.65,1.3397E-8,1.40037E-8
2.75,1.57986E-8,1.64721E-8
2.85,1.64191E-8,1.69103E-8
2.95,1.80463E-8,1.86801E-8
3.05,1.94505E-8,1.99198E-8
3.15,2.10162E-8,2.17223E-8
3.25,2.2262E-8,2.32709E-8
3.35,2.36169E-8,2.45217E-8
3.45,2.47927E-8,2.59713E-8
3.55,2.57889E-8,2.7254E-8
3.65,2.69853E-8,2.83037E-8
3.75,2.78394E-8,2.93433E-8
3.85,2.85199E-8,3.05241E-8
3.95,2.95203E-8,3.13197E-8
4.05,3.01651E-8,3.21052E-8
4.15,3.09529E-8,3.30895E-8
4.25,3.12488E-8,3.42059E-8
4.35,3.20815E-8,3.48768E-8
4.45,3.22607E-8,3.52261E-8
4.55,3.29171E-8,3.57922E-8
4.65,3.32887E-8,3.63308E-8
4.75,3.33222E-8,3.62496E-8
4.85,3.35271E-8,3.71638E-8
4.95,3.38456E-8,3.73915E-8
5.05,3.41166E-8,3.77304E-8
5.15,3.41482E-8,3.80186E-8
5.25,3.41994E-8,3.8348E-8
5.35,3.42311E-8,3.87673E-8
5.45,3.42284E-8,3.85352E-8
5.55,3.4277E-8,3.91958E-8
5.65,3.40684E-8,3.89521E-8
5.75,3.41078E-8,3.88375E-8
5.85,3.40763E-8,3.89279E-8
5.95,3.38172E-8,3.89676E-8
6.05,3.38182E-8,3.89814E-8
6.15,3.34959E-8,3.87203E-8
6.25,3.34059E-8,3.87576E-8
6.35,3.29152E-8,3.89903E-8
6.45,3.29872E-8,3.8712E-8
6.55,3.26676E-8,3.82616E-8
6.65,3.25097E-8,3.86347E-8
6.75,3.2296E-8,3.81451E-8
6.85,3.19495E-8,3.83355E-8
6.95,3.2106E-8,3.75683E-8
7.05,3.14311E-8,3.79148E-8
7.15,3.12244E-8,3.74845E-8
7.25,3.10134E-8,3.75341E-8
7.35,1.04933E-7,1.37911E-7
7.45,3.04398E-8,3.67146E-8
7.55,3.02276E-8,3.64756E-8
7.65,3.07008E-8,3.76085E-8
7.75,2.96655E-8,3.63964E-8
7.85,2.94726E-8,3.59524E-8
7.95,2.9804E-8,3.63819E-8
8.05,2.90536E-8,3.53361E-8
8.15,2.86519E-8,3.50046E-8
8.25,2.87374E-8,3.53219E-8
8.35,1.33366E-6,1.83276E-6
8.45,2.77974E-8,3.39397E-8
8.55,2.75673E-8,3.41016E-8
8.65,2.71955E-8,3.37301E-8
8.75,4.18173E-8,5.32274E-8
8.85,2.67777E-8,3.30229E-8
8.95,2.6303E-8,3.28615E-8
9.05,2.60283E-8,3.25447E-8
9.15,2.58045E-8,3.21936E-8
9.25,2.59885E-8,3.2574E-8
9.35,2.55109E-8,3.16647E-8
9.45,2.50422E-8,3.15658E-8
9.55,5.77083E-8,8.05589E-8
9.65,5.61993E-7,8.06154E-7
9.75,2.47724E-8,3.09997E-8
9.85,6.64245E-8,9.03806E-8
9.95,2.69394E-7,3.74486E-7
10.05,2.35669E-8,2.97796E-8
10.15,3.43671E-8,4.44905E-8
10.25,2.24332E-8,2.75988E-8
10.35,1.99609E-8,2.42113E-8
10.45,1.97416E-8,2.42167E-8
10.55,1.97723E-8,2.40933E-8
10.65,1.95959E-8,2.38761E-8
10.75,1.9423E-8,2.36872E-8
10.85,1.91631E-8,2.38142E-8
10.95,2.20553E-8,2.77685E-8
11.05,1.90678E-8,2.33171E-8
11.15,1.89407E-8,2.36696E-8
11.25,1.86601E-8,2.31623E-8
11.35,1.09084E-7,1.49452E-7
11.45,1.91076E-8,2.36746E-8
11.55,2.74651E-8,3.62524E-8
11.65,2.56857E-8,3.38767E-8
11.75,1.67437E-8,2.07104E-8
11.85,1.70378E-8,2.09131E-8
11.95,1.66903E-8,2.05456E-8
12.05,1.92103E-8,2.36207E-8
12.15,1.59106E-8,1.96465E-8
12.25,1.5892E-8,1.9298E-8
12.35,1.57218E-8,1.94983E-8
12.45,1.57486E-8,1.93407E-8
12.55,1.56283E-8,1.91641E-8
12.65,1.53774E-8,1.89963E-8
12.75,1.52563E-8,1.89043E-8
12.85,1.52167E-8,1.87471E-8
12.95,1.52115E-8,1.88785E-8
13.05,1.50006E-8,1.85302E-8
13.15,1.48731E-8,1.852E-8
13.25,1.46304E-8,1.82686E-8
13.35,1.46195E-8,1.81854E-8
13.45,1.44854E-8,1.80453E-8
13.55,1.43917E-8,1.80677E-8
13.65,1.43199E-8,1.79224E-8
13.75,1.40982E-8,1.7793E-8
13.85,1.4159E-8,1.78578E-8
13.95,1.39554E-8,1.76892E-8
14.05,1.39058E-8,1.75722E-8
14.15,1.37524E-8,1.72062E-8
14.25,1.36336E-8,1.72497E-8
14.35,1.36102E-8,1.70812E-8
14.45,1.34532E-8,1.69977E-8
14.55,1.33551E-8,1.70698E-8
14.65,1.32296E-8,1.69129E-8
14.75,1.30229E-8,1.67313E-8
14.85,1.29343E-8,1.6531E-8
14.95,1.28357E-8,1.66181E-8
15.05,1.27499E-8,1.63174E-8
15.15,1.26272E-8,1.65878E-8
15.25,1.25163E-8,1.62314E-8
15.35,1.24018E-8,1.6306E-8
15.45,1.23993E-8,1.58772E-8
15.55,1.23457E-8,1.59019E-8
15.65,1.21623E-8,1.58142E-8
15.75,1.20298E-8,1.57449E-8
15.85,1.20286E-8,1.54502E-8
15.95,1.18611E-8,1.55599E-8
16.05,1.17966E-8,1.53174E-8
16.15,1.16662E-8,1.5332E-8
16.25,1.15672E-8,1.52313E-8
16.35,1.14348E-8,1.51415E-8
16.45,1.14164E-8,1.50625E-8
16.55,1.13111E-8,1.48072E-8
16.65,1.126E-8,1.49651E-8
16.75,1.11615E-8,1.45542E-8
16.85,1.10939E-8,1.46738E-8
16.95,1.10463E-8,1.46335E-8
17.05,1.08397E-8,1.44489E-8
17.15,1.07126E-8,1.42752E-8
17.25,1.06051E-8,1.4083E-8
17.35,1.05742E-8,1.41255E-8
17.45,1.04558E-8,1.41088E-8
17.55,1.04326E-8,1.39315E-8
17.65,1.03699E-8,1.36671E-8
17.75,1.03319E-8,1.3563E-8
17.85,1.01911E-8,1.36561E-8
17.95,1.00797E-8,1.34854E-8
18.05,9.97843E-9,1.37803E-8
18.15,9.87443E-9,1.34638E-8
18.25,9.79703E-9,1.32944E-8
18.35,9.85723E-9,1.29581E-8
18.45,9.66352E-9,1.30224E-8
18.55,9.51105E-9,1.29784E-8
18.65,9.52545E-9,1.2804E-8
18.75,9.47233E-9,1.27021E-8
18.85,9.50234E-9,1.25941E-8
18.95,9.27928E-9,1.25126E-8
19.05,9.20717E-9,1.25553E-8
19.15,9.05754E-9,1.25269E-8
19.25,9.03758E-9,1.24001E-8
19.35,8.96285E-9,1.22842E-8
19.45,8.8042E-9,1.21015E-8
19.55,8.78974E-9,1.20946E-8
19.65,8.71518E-9,1.20061E-8
19.75,8.69129E-9,1.20323E-8
19.85,8.6415E-9,1.17546E-8
19.95,8.52788E-9,1.18748E-8
20.05,8.43263E-9,1.17234E-8
20.15,8.41631E-9,1.15891E-8
20.25,8.37299E-9,1.14739E-8
20.35,8.20313E-9,1.14995E-8
20.45,8.11303E-9,1.13897E-8
20.55,8.13377E-9,1.1213E-8
20.65,8.03055E-9,1.12983E-8
20.75,8.01377E-9,1.11444E-8
20.85,8.02747E-9,1.10978E-8
20.95,7.74503E-9,1.08635E-8
21.05,7.83202E-9,1.08763E-8
21.15,7.71183E-9,1.08431E-8
21.25,7.66177E-9,1.0699E-8
21.35,7.55875E-9,1.0751E-8
21.45,7.58355E-9,1.06229E-8
21.55,7.46637E-9,1.0598E-8
21.65,7.39564E-9,1.06883E-8
21.75,7.3252E-9,1.03644E-8
21.85,7.3194E-9,1.04071E-8
21.95,7.17795E-9,1.0282E-8
22.05,7.23571E-9,1.00566E-8
22.15,7.07915E-9,1.00899E-8
22.25,7.05129E-9,1.0092E-8
22.35,7.00849E-9,9.89413E-9
22.45,6.93367E-9,9.87412E-9
22.55,6.82224E-9,9.91375E-9
22.65,6.82803E-9,9.70246E-9
22.75,6.84824E-9,9.64395E-9
22.85,6.69088E-9,9.74482E-9
22.95,6.6278E-9,9.57855E-9
23.05,6.59581E-9,9.49531E-9
23.15,6.48007E-9,9.36955E-9
23.25,6.43689E-9,9.46567E-9
23.35,6.47224E-9,9.23188E-9
23.45,6.38822E-9,9.30416E-9
23.55,6.25869E-9,9.18535E-9
23.65,6.24895E-9,9.05922E-9
23.75,6.20159E-9,9.0903E-9
23.85,6.13267E-9,8.92663E-9
23.95,6.12748E-9,8.91058E-9
24.05,6.1281E-9,8.85392E-9
24.15,6.04835E-9,8.88082E-9
24.25,6.03997E-9,8.75161E-9
24.35,5.93304E-9,8.81034E-9
24.45,5.8186E-9,8.59205E-9
24.55,5.81601E-9,8.63391E-9
24.65,5.74363E-9,8.58714E-9
24.75,5.78392E-9,8.57229E-9
24.85,5.59349E-9,8.42896E-9
24.95,5.63033E-9,8.17107E-9
25.05,5.58687E-9,8.19266E-9
25.15,5.57961E-9,8.29564E-9
25.25,5.57606E-9,8.12247E-9
25.35,5.57127E-9,8.24123E-9
25.45,5.38178E-9,8.10135E-9
25.55,5.31928E-9,7.92934E-9
25.65,5.31556E-9,7.89671E-9
25.75,5.24525E-9,7.81457E-9
25.85,5.21153E-9,7.76233E-9
25.95,5.18002E-9,7.6404E-9
26.05,5.07677E-9,7.67083E-9
26.15,5.09177E-9,7.7297E-9
26.25,5.01694E-9,7.65966E-9
26.35,4.98854E-9,7.67027E-9
26.45,5.02762E-9,7.42999E-9
26.55,4.81412E-9,7.42109E-9
26.65,4.89999E-9,7.52013E-9
26.75,4.81205E-9,7.33674E-9
26.85,4.71267E-9,7.39908E-9
26.95,4.68043E-9,7.2725E-9
27.05,4.68741E-9,7.24723E-9
27.15,4.67512E-9,7.14334E-9
27.25,4.57956E-9,7.09265E-9
27.35,4.57303E-9,7.03194E-9
27.45,4.47245E-9,6.99785E-9
27.55,4.4733E-9,7.04781E-9
27.65,4.46497E-9,6.91864E-9
27.75,4.37258E-9,6.82849E-9
27.85,4.34293E-9,6.98164E-9
27.95,4.36168E-9,6.87268E-9
28.05,4.22615E-9,6.7523E-9
28.15,4.18508E-9,6.57658E-9
28.25,4.18157E-9,6.58766E-9
28.35,4.16424E-9,6.65372E-9
28.45,4.14065E-9,6.63622E-9
28.55,4.0907E-9,6.53903E-9
28.65,4.04453E-9,6.43164E-9
28.75,3.92507E-9,6.37374E-9
28.85,3.97068E-9,6.40826E-9
28.95,3.87141E-9,6.3488E-9
29.05,3.77622E-9,6.2589E-9
29.15,3.89252E-9,6.32299E-9
29.25,3.75467E-9,6.20275E-9
29.35,3.78028E-9,6.25878E-9
29.45,3.6927E-9,6.12225E-9
29.55,3.64111E-9,6.17873E-9
29.65,3.60374E-9,6.00064E-9
29.75,3.5807E-9,6.04438E-9
29.85,3.62451E-9,5.93923E-9
29.95,3.50197E-9,5.91664E-9
30.05,3.49094E-9,5.8322E-9
30.15,3.52458E-9,5.93676E-9
30.25,3.42332E-9,5.75567E-9
30.35,3.36741E-9,5.71017E-9
30.45,3.36047E-9,5.61104E-9
30.55,3.31685E-9,5.63401E-9
30.65,3.27913E-9,5.59263E-9
30.75,3.22439E-9,5.57262E-9
30.85,3.23259E-9,5.47425E-9
30.95,3.14705E-9,5.52784E-9
31.05,3.16952E-9,5.58536E-9
31.15,3.11788E-9,5.36045E-9
31.25,3.08167E-9,5.30474E-9
31.35,3.03828E-9,5.31099E-9
31.45,3.01667E-9,5.25437E-9
31.55,2.96623E-9,5.32922E-9
31.65,2.96364E-9,5.25951E-9
31.75,2.88269E-9,5.16664E-9
31.85,2.90775E-9,5.15079E-9
31.95,2.82223E-9,5.14071E-9
32.05,2.83816E-9,5.05955E-9
32.15,2.75997E-9,5.14881E-9
32.25,2.74037E-9,5.02089E-9
32.35,2.74462E-9,4.98011E-9
32.45,2.67438E-9,5.02808E-9
32.55,2.63478E-9,4.915E-9
32.65,2.60848E-9,4.9184E-9
32.75,2.57326E-9,4.86956E-9
32.85,2.55259E-9,4.84819E-9
32.95,2.50104E-9,4.75462E-9
33.05,2.44792E-9,4.74789E-9
33.15,2.45372E-9,4.68878E-9
33.25,2.39145E-9,4.76799E-9
33.35,2.35756E-9,4.72751E-9
33.45,2.36333E-9,4.52139E-9
33.55,2.29291E-9,4.55057E-9
33.65,2.27843E-9,4.55019E-9
33.75,2.2896E-9,4.41832E-9
33.85,2.22408E-9,4.39561E-9
33.95,2.23866E-9,4.29562E-9
34.05,2.15714E-9,4.44099E-9
34.15,2.12504E-9,4.26233E-9
34.25,2.10939E-9,4.30396E-9
34.35,2.05146E-9,4.39008E-9
34.45,2.04935E-9,4.17711E-9
34.55,1.96418E-9,4.19683E-9
34.65,1.9964E-9,4.18987E-9
34.75,1.94004E-9,4.15954E-9
34.85,1.89715E-9,4.11009E-9
34.95,1.87809E-9,4.05584E-9
35.05,1.84675E-9,4.05847E-9
35.15,1.84539E-9,3.98089E-9
35.25,1.84071E-9,4.03971E-9
35.35,1.75706E-9,3.95462E-9
35.45,1.76732E-9,3.90867E-9
35.55,1.72026E-9,3.92138E-9
35.65,1.67736E-9,3.86154E-9
35.75,1.6363E-9,3.90343E-9
35.85,1.60683E-9,3.72725E-9
35.95,1.6101E-9,3.74662E-9
36.05,1.53199E-9,3.74459E-9
36.15,1.51459E-9,3.64987E-9
36.25,1.50577E-9,3.67806E-9
36.35,1.46173E-9,3.68131E-9
36.45,1.41603E-9,3.61594E-9
36.55,1.44592E-9,3.53059E-9
36.65,1.32852E-9,3.58357E-9
36.75,1.33996E-9,3.58475E-9
36.85,1.28133E-9,3.5249E-9
36.95,1.21476E-9,3.47071E-9
37.05,1.27382E-9,3.43233E-9
37.15,1.21665E-9,3.41625E-9
37.25,1.17958E-9,3.41263E-9
37.35,1.15358E-9,3.30404E-9
37.45,1.12286E-9,3.36319E-9
37.55,1.06305E-9,3.37123E-9
37.65,1.08036E-9,3.22753E-9
37.75,1.00515E-9,3.28072E-9
37.85,9.84895E-10,3.23621E-9
37.95,9.52071E-10,3.203E-9
38.05,8.95574E-10,3.14292E-9
38.15,8.6608E-10,3.21353E-9
38.25,8.39775E-10,3.16397E-9
38.35,7.99371E-10,3.07333E-9
38.45,7.55197E-10,3.02748E-9
38.55,7.26735E-10,3.06424E-9
38.65,7.04875E-10,2.94954E-9
38.75,6.64521E-10,2.94514E-9
38.85,6.12295E-10,2.96117E-9
38.95,5.51427E-10,2.91891E-9
39.05,5.54056E-10,2.88779E-9
39.15,4.93324E-10,2.90813E-9
39.25,4.21056E-10,2.93635E-9
39.35,4.0524E-10,2.79005E-9
39.45,3.67852E-10,2.75509E-9
39.55,2.974E-10,2.80803E-9
39.65,2.5932E-10,2.74957E-9
39.75,1.99564E-10,2.72605E-9
39.85,1.75143E-10,2.7316E-9
39.95,1.18957E-10,2.52984E-9
40.05,1E-35,2.6634E-9
40.15,1E-35,2.61801E-9
40.25,1E-35,2.61221E-9
40.35,1E-35,2.62462E-9
40.45,1E-35,2.59066E-9
40.55,1E-35,2.47341E-9
40.65,1E-35,2.44865E-9
40.75,1E-35,2.47736E-9
40.85,1E-35,2.39794E-9
40.95,1E-35,2.36122E-9
41.05,1E-35,2.35297E-9
41.15,1E-35,2.37958E-9
41.25,1E-35,2.30905E-9
41.35,1E-35,2.38356E-9
41.45,1E-35,2.31344E-9
41.55,1E-35,2.2313E-9
41.65,1E-35,2.20746E-9
41.75,1E-35,2.21918E-9
41.85,1E-35,2.24509E-9
41.95,1E-35,2.26865E-9
42.05,1E-35,2.14476E-9
42.15,1E-35,2.14823E-9
42.25,1E-35,2.04927E-9
42.35,1E-35,2.0326E-9
42.45,1E-35,2.1039E-9
42.55,1E-35,2.02032E-9
42.65,1E-35,2.0568E-9
42.75,1E-35,2.02833E-9
42.85,1E-35,1.9875E-9
42.95,1E-35,1.91568E-9
43.05,1E-35,1.90526E-9
43.15,1E-35,1.83968E-9
43.25,1E-35,1.78163E-9
43.35,1E-35,1.80298E-9
43.45,1E-35,1.77899E-9
43.55,1E-35,1.80858E-9
43.65,1E-35,1.83076E-9
43.75,1E-35,1.81852E-9
43.85,1E-35,1.72392E-9
43.95,1E-35,1.64509E-9
44.05,1E-35,1.64347E-9
44.15,1E-35,1.70606E-9
44.25,1E-35,1.6321E-9
44.35,1E-35,1.60669E-9
44.45,1E-35,1.59501E-9
44.55,1E-35,1.57812E-9
44.65,1E-35,1.58167E-9
44.75,1E-35,1.51548E-9
44.85,1E-35,1.52278E-9
44.95,1E-35,1.46566E-9
45.05,1E-35,1.42458E-9
45.15,1E-35,1.34313E-9
45.25,1E-35,1.38166E-9
45.35,1E-35,1.32293E-9
45.45,1E-35,1.35953E-9
45.55,1E-35,1.36134E-9
45.65,1E-35,1.34512E-9
45.75,1E-35,1.26501E-9
45.85,1E-35,1.22976E-9
45.95,1E-35,1.19661E-9
46.05,1E-35,1.16671E-9
46.15,1E-35,1.237E-9
46.25,1E-35,1.13553E-9
46.35,1E-35,1.18333E-9
46.45,1E-35,1.13147E-9
46.55,1E-35,1.04042E-9
46.65,1E-35,1.03695E-9
46.75,1E-35,1.03438E-9
46.85,1E-35,1.06186E-9
46.95,1E-35,9.75838E-10
47.05,1E-35,9.27367E-10
47.15,1E-35,9.33229E-10
47.25,1E-35,8.96138E-10
47.35,1E-35,9.21275E-10
47.45,1E-35,8.41919E-10
47.55,1E-35,7.88305E-10
47.65,1E-35,8.17962E-10
47.75,1E-35,7.98655E-10
47.85,1E-35,7.45614E-10
47.95,1E-35,6.97764E-10
48.05,1E-35,7.20559E-10
48.15,1E-35,6.94195E-10
48.25,1E-35,6.34194E-10
48.35,1E-35,6.20406E-10
48.45,1E-35,5.97562E-10
48.55,1E-35,5.28359E-10
48.65,1E-35,5.59178E-10
48.75,1E-35,4.95739E-10
48.85,1E-35,4.75466E-10
48.95,1E-35,4.56257E-10
49.05,1E-35,3.86759E-10
49.15,1E-35,3.77622E-10
49.25,1E-35,3.41448E-10
49.35,1E-35,3.03473E-10
49.45,1E-35,2.67266E-10
49.55,1E-35,2.3648E-10
49.65,1E-35,1.84815E-10
49.75,1E-35,1.54766E-10
49.85,1E-35,1.35459E-10
49.95,1E-35,1.10896E-10
50.05,1E-35,1E-35
50.15,1E-35,1E-35
50.25,1E-35,1E-35
50.35,1E-35,1E-35
50.45,1E-35,1E-35
50.55,1E-35,1E-35
50.65,1E-35,1E-35
50.75,1E-35,1E-35
50.85,1E-35,1E-35
50.95,1E-35,1E-35
51.05,1E-35,1E-35
51.15,1E-35,1E-35
51.25,1E-35,1E-35
51.35,1E-35,1E-35
51.45,1E-35,1E-35
51.55,1E-35,1E-35
51.65,1E-35,1E-35
51.75,1E-35,1E-35
51.85,1E-35,1E-35
51.95,1E-35,1E-35
52.05,1E-35,1E-35
52.15,1E-35,1E-35
52.25,1E-35,1E-35
52.35,1E-35,1E-35
52.45,1E-35,1E-35
52.55,1E-35,1E-35
52.65,1E-35,1E-35
52.75,1E-35,1E-35
52.85,1E-35,1E-35
52.95,1E-35,1E-35
53.05,1E-35,1E-35
53.15,1E-35,1E-35
53.25,1E-35,1E-35
53.35,1E-35,1E-35
53.45,1E-35,1E-35
53.55,1E-35,1E-35
53.65,1E-35,1E-35
53.75,1E-35,1E-35
53.85,1E-35,1E-35
53.95,1E-35,1E-35
54.05,1E-35,1E-35
54.15,1E-35,1E-35
54.25,1E-35,1E-35
54.35,1E-35,1E-35
54.45,1E-35,1E-35
54.55,1E-35,1E-35
54.65,1E-35,1E-35
54.75,1E-35,1E-35
54.85,1E-35,1E-35
54.95,1E-35,1E-35
55.05,1E-35,1E-35
55.15,1E-35,1E-35
55.25,1E-35,1E-35
55.35,1E-35,1E-35
55.45,1E-35,1E-35
55.55,1E-35,1E-35
55.65,1E-35,1E-35
55.75,1E-35,1E-35
55.85,1E-35,1E-35
55.95,1E-35,1E-35
56.05,1E-35,1E-35
56.15,1E-35,1E-35
56.25,1E-35,1E-35
56.35,1E-35,1E-35
56.45,1E-35,1E-35
56.55,1E-35,1E-35
56.65,1E-35,1E-35
56.75,1E-35,1E-35
56.85,1E-35,1E-35
56.95,1E-35,1E-35
57.05,1E-35,1E-35
57.15,1E-35,1E-35
57.25,1E-35,1E-35
57.35,1E-35,1E-35
57.45,1E-35,1E-35
57.55,1E-35,1E-35
57.65,1E-35,1E-35
57.75,1E-35,1E-35
57.85,1E-35,1E-35
57.95,1E-35,1E-35
58.05,1E-35,1E-35
58.15,1E-35,1E-35
58.25,1E-35,1E-35
58.35,1E-35,1E-35
58.45,1E-35,1E-35
58.55,1E-35,1E-35
58.65,1E-35,1E-35
58.75,1E-35,1E-35
58.85,1E-35,1E-35
58.95,1E-35,1E-35
59.05,1E-35,1E-35
59.15,1E-35,1E-35
59.25,1E-35,1E-35
59.35,1E-35,1E-35
59.45,1E-35,1E-35
59.55,1E-35,1E-35
59.65,1E-35,1E-35
59.75,1E-35,1E-35
59.85,1E-35,1E-35
59.95,1E-35,1E-35
60.05,1E-35,1E-35
60.15,1E-35,1E-35
60.25,1E-35,1E-35
60.35,1E-35,1E-35
60.45,1E-35,1E-35
60.55,1E-35,1E-35
60.65,1E-35,1E-35
60.75,1E-35,1E-35
60.85,1E-35,1E-35
60.95,1E-35,1E-35
61.05,1E-35,1E-35
61.15,1E-35,1E-35
61.25,1E-35,1E-35
61.35,1E-35,1E-35
61.45,1E-35,1E-35
61.55,1E-35,1E-35
61.65,1E-35,1E-35
61.75,1E-35,1E-35
61.85,1E-35,1E-35
61.95,1E-35,1E-35
62.05,1E-35,1E-35
62.15,1E-35,1E-35
62.25,1E-35,1E-35
62.35,1E-35,1E-35
62.45,1E-35,1E-35
62.55,1E-35,1E-35
62.65,1E-35,1E-35
62.75,1E-35,1E-35
62.85,1E-35,1E-35
62.95,1E-35,1E-35
63.05,1E-35,1E-35
63.15,1E-35,1E-35
63.25,1E-35,1E-35
63.35,1E-35,1E-35
63.45,1E-35,1E-35
63.55,1E-35,1E-35
63.65,1E-35,1E-35
63.75,1E-35,1E-35
63.85,1E-35,1E-35
63.95,1E-35,1E-35
64.05,1E-35,1E-35
64.15,1E-35,1E-35
64.25,1E-35,1E-35
64.35,1E-35,1E-35
64.45,1E-35,1E-35
64.55,1E-35,1E-35
64.65,1E-35,1E-35
64.75,1E-35,1E-35
64.85,1E-35,1E-35
64.95,1E-35,1E-35
65.05,1E-35,1E-35
65.15,1E-35,1E-35
65.25,1E-35,1E-35
65.35,1E-35,1E-35
65.45,1E-35,1E-35
65.55,1E-35,1E-35
65.65,1E-35,1E-35
65.75,1E-35,1E-35
65.85,1E-35,1E-35
65.95,1E-35,1E-35
66.05,1E-35,1E-35
66.15,1E-35,1E-35
66.25,1E-35,1E-35
66.35,1E-35,1E-35
66.45,1E-35,1E-35
66.55,1E-35,1E-35
66.65,1E-35,1E-35
66.75,1E-35,1E-35
66.85,1E-35,1E-35
66.95,1E-35,1E-35
67.05,1E-35,1E-35
67.15,1E-35,1E-35
67.25,1E-35,1E-35
67.35,1E-35,1E-35
67.45,1E-35,1E-35
67.55,1E-35,1E-35
67.65,1E-35,1E-35
67.75,1E-35,1E-35
67.85,1E-35,1E-35
67.95,1E-35,1E-35
68.05,1E-35,1E-35
68.15,1E-35,1E-35
68.25,1E-35,1E-35
68.35,1E-35,1E-35
68.45,1E-35,1E-35
68.55,1E-35,1E-35
68.65,1E-35,1E-35
68.75,1E-35,1E-35
68.85,1E-35,1E-35
68.95,1E-35,1E-35
69.05,1E-35,1E-35
69.15,1E-35,1E-35
69.25,1E-35,1E-35
69.35,1E-35,1E-35
69.45,1E-35,1E-35
69.55,1E-35,1E-35
69.65,1E-35,1E-35
69.75,1E-35,1E-35
69.85,1E-35,1E-35
69.95,1E-35,1E-35
70.05,1E-35,1E-35
70.15,1E-35,1E-35
70.25,1E-35,1E-35
70.35,1E-35,1E-35
70.45,1E-35,1E-35
70.55,1E-35,1E-35
70.65,1E-35,1E-35
70.75,1E-35,1E-35
70.85,1E-35,1E-35
70.95,1E-35,1E-35
71.05,1E-35,1E-35
71.15,1E-35,1E-35
71.25,1E-35,1E-35
71.35,1E-35,1E-35
71.45,1E-35,1E-35
71.55,1E-35,1E-35
71.65,1E-35,1E-35
71.75,1E-35,1E-35
71.85,1E-35,1E-35
71.95,1E-35,1E-35
72.05,1E-35,1E-35
72.15,1E-35,1E-35
72.25,1E-35,1E-35
72.35,1E-35,1E-35
72.45,1E-35,1E-35
72.55,1E-35,1E-35
72.65,1E-35,1E-35
72.75,1E-35,1E-35
72.85,1E-35,1E-35
72.95,1E-35,1E-35
73.05,1E-35,1E-35
73.15,1E-35,1E-35
73.25,1E-35,1E-35
73.35,1E-35,1E-35
73.45,1E-35,1E-35
73.55,1E-35,1E-35
73.65,1E-35,1E-35
73.75,1E-35,1E-35
73.85,1E-35,1E-35
73.95,1E-35,1E-35
74.05,1E-35,1E-35
74.15,1E-35,1E-35
74.25,1E-35,1E-35
74.35,1E-35,1E-35
74.45,1E-35,1E-35
74.55,1E-35,1E-35
74.65,1E-35,1E-35
74.75,1E-35,1E-35
74.85,1E-35,1E-35
74.95,1E-35,1E-35
75.05,1E-35,1E-35
75.15,1E-35,1E-35
75.25,1E-35,1E-35
75.35,1E-35,1E-35
75.45,1E-35,1E-35
75.55,1E-35,1E-35
75.65,1E-35,1E-35
75.75,1E-35,1E-35
75.85,1E-35,1E-35
75.95,1E-35,1E-35
76.05,1E-35,1E-35
76.15,1E-35,1E-35
76.25,1E-35,1E-35
76.35,1E-35,1E-35
76.45,1E-35,1E-35
76.55,1E-35,1E-35
76.65,1E-35,1E-35
76.75,1E-35,1E-35
76.85,1E-35,1E-35
76.95,1E-35,1E-35
77.05,1E-35,1E-35
77.15,1E-35,1E-35
77.25,1E-35,1E-35
77.35,1E-35,1E-35
77.45,1E-35,1E-35
77.55,1E-35,1E-35
77.65,1E-35,1E-35
77.75,1E-35,1E-35
77.85,1E-35,1E-35
77.95,1E-35,1E-35
78.05,1E-35,1E-35
78.15,1E-35,1E-35
78.25,1E-35,1E-35
78.35,1E-35,1E-35
78.45,1E-35,1E-35
78.55,1E-35,1E-35
78.65,1E-35,1E-35
78.75,1E-35,1E-35
78.85,1E-35,1E-35
78.95,1E-35,1E-35
79.05,1E-35,1E-35
79.15,1E-35,1E-35
79.25,1E-35,1E-35
79.35,1E-35,1E-35
79.45,1E-35,1E-35
79.55,1E-35,1E-35
79.65,1E-35,1E-35
79.75,1E-35,1E-35
79.85,1E-35,1E-35
79.95,1E-35,1E-35
80.05,1E-35,1E-35
80.15,1E-35,1E-35
80.25,1E-35,1E-35
80.35,1E-35,1E-35
80.45,1E-35,1E-35
80.55,1E-35,1E-35
80.65,1E-35,1E-35
80.75,1E-35,1E-35
80.85,1E-35,1E-35
80.95,1E-35,1E-35
81.05,1E-35,1E-35
81.15,1E-35,1E-35
81.25,1E-35,1E-35
81.35,1E-35,1E-35
81.45,1E-35,1E-35
81.55,1E-35,1E-35
81.65,1E-35,1E-35
81.75,1E-35,1E-35
81.85,1E-35,1E-35
81.95,1E-35,1E-35
82.05,1E-35,1E-35
82.15,1E-35,1E-35
82.25,1E-35,1E-35
82.35,1E-35,1E-35
82.45,1E-35,1E-35
82.55,1E-35,1E-35
82.65,1E-35,1E-35
82.75,1E-35,1E-35
82.85,1E-35,1E-35
82.95,1E-35,1E-35
83.05,1E-35,1E-35
83.15,1E-35,1E-35
83.25,1E-35,1E-35
83.35,1E-35,1E-35
83.45,1E-35,1E-35
83.55,1E-35,1E-35
83.65,1E-35,1E-35
83.75,1E-35,1E-35
83.85,1E-35,1E-35
83.95,1E-35,1E-35
84.05,1E-35,1E-35
84.15,1E-35,1E-35
84.25,1E-35,1E-35
84.35,1E-35,1E-35
84.45,1E-35,1E-35
84.55,1E-35,1E-35
84.65,1E-35,1E-35
84.75,1E-35,1E-35
84.85,1E-35,1E-35
84.95,1E-35,1E-35
85.05,1E-35,1E-35
85.15,1E-35,1E-35
85.25,1E-35,1E-35
85.35,1E-35,1E-35
85.45,1E-35,1E-35
85.55,1E-35,1E-35
85.65,1E-35,1E-35
85.75,1E-35,1E-35
85.85,1E-35,1E-35
85.95,1E-35,1E-35
86.05,1E-35,1E-35
86.15,1E-35,1E-35
86.25,1E-35,1E-35
86.35,1E-35,1E-35
86.45,1E-35,1E-35
86.55,1E-35,1E-35
86.65,1E-35,1E-35
86.75,1E-35,1E-35
86.85,1E-35,1E-35
86.95,1E-35,1E-35
87.05,1E-35,1E-35
87.15,1E-35,1E-35
87.25,1E-35,1E-35
87.35,1E-35,1E-35
87.45,1E-35,1E-35
87.55,1E-35,1E-35
87.65,1E-35,1E-35
87.75,1E-35,1E-35
87.85,1E-35,1E-35
87.95,1E-35,1E-35
88.05,1E-35,1E-35
88.15,1E-35,1E-35
88.25,1E-35,1E-35
88.35,1E-35,1E-35
88.45,1E-35,1E-35
88.55,1E-35,1E-35
88.65,1E-35,1E-35
88.75,1E-35,1E-35
88.85,1E-35,1E-35
88.95,1E-35,1E-35
89.05,1E-35,1E-35
89.15,1E-35,1E-35
89.25,1E-35,1E-35
89.35,1E-35,1E-35
89.45,1E-35,1E-35
89.55,1E-35,1E-35
89.65,1E-35,1E-35
89.75,1E-35,1E-35
89.85,1E-35,1E-35
89.95,1E-35,1E-35
90.05,1E-35,1E-35
90.15,1E-35,1E-35
90.25,1E-35,1E-35
90.35,1E-35,1E-35
90.45,1E-35,1E-35
90.55,1E-35,1E-35
90.65,1E-35,1E-35
90.75,1E-35,1E-35
90.85,1E-35,1E-35
90.95,1E-35,1E-35
91.05,1E-35,1E-35
91.15,1E-35,1E-35
91.25,1E-35,1E-35
91.35,1E-35,1E-35
91.45,1E-35,1E-35
91.55,1E-35,1E-35
91.65,1E-35,1E-35
91.75,1E-35,1E-35
91.85,1E-35,1E-35
91.95,1E-35,1E-35
92.05,1E-35,1E-35
92.15,1E-35,1E-35
92.25,1E-35,1E-35
92.35,1E-35,1E-35
92.45,1E-35,1E-35
92.55,1E-35,1E-35
92.65,1E-35,1E-35
92.75,1E-35,1E-35
92.85,1E-35,1E-35
92.95,1E-35,1E-35
93.05,1E-35,1E-35
93.15,1E-35,1E-35
93.25,1E-35,1E-35
93.35,1E-35,1E-35
93.45,1E-35,1E-35
93.55,1E-35,1E-35
93.65,1E-35,1E-35
93.75,1E-35,1E-35
93.85,1E-35,1E-35
93.95,1E-35,1E-35
94.05,1E-35,1E-35
94.15,1E-35,1E-35
94.25,1E-35,1E-35
94.35,1E-35,1E-35
94.45,1E-35,1E-35
94.55,1E-35,1E-35
94.65,1E-35,1E-35
94.75,1E-35,1E-35
94.85,1E-35,1E-35
94.95,1E-35,1E-35
95.05,1E-35,1E-35
95.15,1E-35,1E-35
95.25,1E-35,1E-35
95.35,1E-35,1E-35
95.45,1E-35,1E-35
95.55,1E-35,1E-35
95.65,1E-35,1E-35
95.75,1E-35,1E-35
95.85,1E-35,1E-35
95.95,1E-35,1E-35
96.05,1E-35,1E-35
96.15,1E-35,1E-35
96.25,1E-35,1E-35
96.35,1E-35,1E-35
96.45,1E-35,1E-35
96.55,1E-35,1E-35
96.65,1E-35,1E-35
96.75,1E-35,1E-35
96.85,1E-35,1E-35
96.95,1E-35,1E-35
97.05,1E-35,1E-35
97.15,1E-35,1E-35
97.25,1E-35,1E-35
97.35,1E-35,1E-35
97.45,1E-35,1E-35
97.55,1E-35,1E-35
97.65,1E-35,1E-35
97.75,1E-35,1E-35
97.85,1E-35,1E-35
97.95,1E-35,1E-35
98.05,1E-35,1E-35
98.15,1E-35,1E-35
98.25,1E-35,1E-35
98.35,1E-35,1E-35
98.45,1E-35,1E-35
98.55,1E-35,1E-35
98.65,1E-35,1E-35
98.75,1E-35,1E-35
98.85,1E-35,1E-35
98.95,1E-35,1E-35
99.05,1E-35,1E-35
99.15,1E-35,1E-35
99.25,1E-35,1E-35
99.35,1E-35,1E-35
99.45,1E-35,1E-35
99.55,1E-35,1E-35
99.65,1E-35,1E-35
99.75,1E-35,1E-35
99.85,1E-35,1E-35
99.95,1E-35,1E-35