1.000000e-35	1.000000e-35	1.000000e-35	1.000000e-35	1.000000e-35	1.000000e-35	1.000000e-35	1.000000e-35	1.000000e-35
1.000000e-35	1.000000e-35	1.000000e-35	1.000000e-35	1.000000e-35	1.000000e-35	1.000000e-35	1.000000e-35	1.000000e-35
1.000000e-35	1.000000e-35	1.000000e-35	1.000000e-35	1.000000e-35	1.000000e-35	1.000000e-35	1.000000e-35	1.000000e-35
1.000000e-35	1.000000e-35	1.000000e-35	1.000000e-35	1.000000e-35	1.000000e-35	1.000000e-35	1.000000e-35	1.000000e-35
1.000000e-35	1.000000e-35	1.000000e-35	1.000000e-35	1.000000e-35	1.000000e-35	1.000000e-35	1.000000e-35	1.000000e-35
1.000000e-35	1.000000e-35	1.000000e-35	1.000000e-35	1.000000e-35	1.000000e-35	1.000000e-35	1.000000e-35	1.000000e-35
1.000000e-35	1.000000e-35	1.000000e-35	1.000000e-35	1.000000e-35	1.000000e-35	1.000000e-35	1.000000e-35	1.000000e-35
1.000000e-35	1.000000e-35	1.000000e-35	1.000000e-35	1.000000e-35	1.000000e-35	1.000000e-35	1.000000e-35	1.000000e-35
1.000000e-35	1.000000e-35	1.000000e-35	1.000000e-35	1.000000e-35	1.000000e-35	1.000000e-35	1.000000e-35	1.000000e-35
1.000000e-35	1.000000e-35	1.000000e-35	1.000000e-35	1.000000e-35	1.000000e-35	1.000000e-35	1.000000e-35	1.000000e-35
2.162446e-12	2.137382e-12	2.112318e-12	2.087254e-12	2.062190e-12	2.037126e-12	2.012062e-12	1.986998e-12	1.961934e-12
4.487993e-12	4.569296e-12	4.650599e-12	4.731902e-12	4.813205e-12	4.894508e-12	4.975811e-12	5.057114e-12	5.138417e-12
1.143245e-11	1.122020e-11	1.100794e-11	1.079569e-11	1.058344e-11	1.037119e-11	1.015894e-11	9.946684e-12	9.734432e-12
4.048538e-10	4.092616e-10	4.136694e-10	4.180772e-10	4.224850e-10	4.268928e-10	4.313006e-10	4.357084e-10	4.401162e-10
2.341814e-10	2.383558e-10	2.425302e-10	2.467046e-10	2.508790e-10	2.550534e-10	2.592278e-10	2.634022e-10	2.675766e-10
6.063275e-10	6.097650e-10	6.132025e-10	6.166400e-10	6.200775e-10	6.235150e-10	6.269525e-10	6.303900e-10	6.338275e-10
2.018905e-09	2.049550e-09	2.080195e-09	2.110840e-09	2.141485e-09	2.172130e-09	2.202775e-09	2.233420e-09	2.264065e-09
7.580256e-08	7.621112e-08	7.661968e-08	7.702824e-08	7.743680e-08	7.784536e-08	7.825392e-08	7.866248e-08	7.907104e-08
3.056717e-08	3.058864e-08	3.061011e-08	3.063158e-08	3.065305e-08	3.067452e-08	3.069599e-08	3.071746e-08	3.073893e-08
3.223130e-09	3.234430e-09	3.245730e-09	3.257030e-09	3.268330e-09	3.279630e-09	3.290930e-09	3.302230e-09	3.313530e-09
1.101863e-08	1.104936e-08	1.108009e-08	1.111082e-08	1.114155e-08	1.117228e-08	1.120301e-08	1.123374e-08	1.126447e-08
6.157372e-09	6.186704e-09	6.216036e-09	6.245368e-09	6.274700e-09	6.304032e-09	6.333364e-09	6.362696e-09	6.392028e-09
7.501548e-09	7.533176e-09	7.564804e-09	7.596432e-09	7.628060e-09	7.659688e-09	7.691316e-09	7.722944e-09	7.754572e-09
1.470379e-08	1.462648e-08	1.454917e-08	1.447186e-08	1.439455e-08	1.431724e-08	1.423993e-08	1.416262e-08	1.408531e-08
1.024579e-08	1.030268e-08	1.035957e-08	1.041646e-08	1.047335e-08	1.053024e-08	1.058713e-08	1.064402e-08	1.070091e-08
1.184780e-08	1.189850e-08	1.194920e-08	1.199990e-08	1.205060e-08	1.210130e-08	1.215200e-08	1.220270e-08	1.225340e-08
1.290119e-08	1.295628e-08	1.301137e-08	1.306646e-08	1.312155e-08	1.317664e-08	1.323173e-08	1.328682e-08	1.334191e-08
1.542582e-08	1.546724e-08	1.550866e-08	1.555008e-08	1.559150e-08	1.563292e-08	1.567434e-08	1.571576e-08	1.575718e-08
1.566931e-08	1.575262e-08	1.583593e-08	1.591924e-08	1.600255e-08	1.608586e-08	1.616917e-08	1.625248e-08	1.633579e-08
1.711012e-08	1.721414e-08	1.731816e-08	1.742218e-08	1.752620e-08	1.763022e-08	1.773424e-08	1.783826e-08	1.794228e-08
1.846338e-08	1.857306e-08	1.868274e-08	1.879242e-08	1.890210e-08	1.901178e-08	1.912146e-08	1.923114e-08	1.934082e-08
1.983882e-08	1.996964e-08	2.010046e-08	2.023128e-08	2.036210e-08	2.049292e-08	2.062374e-08	2.075456e-08	2.088538e-08
2.102180e-08	2.115960e-08	2.129740e-08	2.143520e-08	2.157300e-08	2.171080e-08	2.184860e-08	2.198640e-08	2.212420e-08
2.203911e-08	2.221442e-08	2.238973e-08	2.256504e-08	2.274035e-08	2.291566e-08	2.309097e-08	2.326628e-08	2.344159e-08
2.298577e-08	2.318654e-08	2.338731e-08	2.358808e-08	2.378885e-08	2.398962e-08	2.419039e-08	2.439116e-08	2.459193e-08
2.382582e-08	2.404394e-08	2.426206e-08	2.448018e-08	2.469830e-08	2.491642e-08	2.513454e-08	2.535266e-08	2.557078e-08
2.484276e-08	2.508082e-08	2.531888e-08	2.555694e-08	2.579500e-08	2.603306e-08	2.627112e-08	2.650918e-08	2.674724e-08
2.532633e-08	2.560556e-08	2.588479e-08	2.616402e-08	2.644325e-08	2.672248e-08	2.700171e-08	2.728094e-08	2.756017e-08
2.602267e-08	2.630014e-08	2.657761e-08	2.685508e-08	2.713255e-08	2.741002e-08	2.768749e-08	2.796496e-08	2.824243e-08
2.656776e-08	2.689582e-08	2.722388e-08	2.755194e-08	2.788000e-08	2.820806e-08	2.853612e-08	2.886418e-08	2.919224e-08
2.692123e-08	2.728166e-08	2.764209e-08	2.800252e-08	2.836295e-08	2.872338e-08	2.908381e-08	2.944424e-08	2.980467e-08
2.747071e-08	2.785762e-08	2.824453e-08	2.863144e-08	2.901835e-08	2.940526e-08	2.979217e-08	3.017908e-08	3.056599e-08
2.780468e-08	2.818736e-08	2.857004e-08	2.895272e-08	2.933540e-08	2.971808e-08	3.010076e-08	3.048344e-08	3.086612e-08
2.816650e-08	2.860150e-08	2.903650e-08	2.947150e-08	2.990650e-08	3.034150e-08	3.077650e-08	3.121150e-08	3.164650e-08
2.824211e-08	2.868862e-08	2.913513e-08	2.958164e-08	3.002815e-08	3.047466e-08	3.092117e-08	3.136768e-08	3.181419e-08
2.859890e-08	2.907870e-08	2.955850e-08	3.003830e-08	3.051810e-08	3.099790e-08	3.147770e-08	3.195750e-08	3.243730e-08
2.859970e-08	2.912070e-08	2.964170e-08	3.016270e-08	3.068370e-08	3.120470e-08	3.172570e-08	3.224670e-08	3.276770e-08
2.865048e-08	2.916956e-08	2.968864e-08	3.020772e-08	3.072680e-08	3.124588e-08	3.176496e-08	3.228404e-08	3.280312e-08
2.869698e-08	2.923366e-08	2.977034e-08	3.030702e-08	3.084370e-08	3.138038e-08	3.191706e-08	3.245374e-08	3.299042e-08
2.876069e-08	2.932568e-08	2.989067e-08	3.045566e-08	3.102065e-08	3.158564e-08	3.215063e-08	3.271562e-08	3.328061e-08
2.894025e-08	2.951540e-08	3.009055e-08	3.066570e-08	3.124085e-08	3.181600e-08	3.239115e-08	3.296630e-08	3.354145e-08
2.872318e-08	2.932596e-08	2.992874e-08	3.053152e-08	3.113430e-08	3.173708e-08	3.233986e-08	3.294264e-08	3.354542e-08
2.861526e-08	2.923572e-08	2.985618e-08	3.047664e-08	3.109710e-08	3.171756e-08	3.233802e-08	3.295848e-08	3.357894e-08
2.855894e-08	2.918918e-08	2.981942e-08	3.044966e-08	3.107990e-08	3.171014e-08	3.234038e-08	3.297062e-08	3.360086e-08
2.835572e-08	2.900824e-08	2.966076e-08	3.031328e-08	3.096580e-08	3.161832e-08	3.227084e-08	3.292336e-08	3.357588e-08
2.833322e-08	2.899364e-08	2.965406e-08	3.031448e-08	3.097490e-08	3.163532e-08	3.229574e-08	3.295616e-08	3.361658e-08
2.806441e-08	2.873152e-08	2.939863e-08	3.006574e-08	3.073285e-08	3.139996e-08	3.206707e-08	3.273418e-08	3.340129e-08
2.800661e-08	2.868452e-08	2.936243e-08	3.004034e-08	3.071825e-08	3.139616e-08	3.207407e-08	3.275198e-08	3.342989e-08
2.770673e-08	2.841446e-08	2.912219e-08	2.982992e-08	3.053765e-08	3.124538e-08	3.195311e-08	3.266084e-08	3.336857e-08
2.739084e-08	2.810488e-08	2.881892e-08	2.953296e-08	3.024700e-08	3.096104e-08	3.167508e-08	3.238912e-08	3.310316e-08
2.729392e-08	2.801884e-08	2.874376e-08	2.946868e-08	3.019360e-08	3.091852e-08	3.164344e-08	3.236836e-08	3.309328e-08
2.708070e-08	2.779350e-08	2.850630e-08	2.921910e-08	2.993190e-08	3.064470e-08	3.135750e-08	3.207030e-08	3.278310e-08
2.697927e-08	2.769334e-08	2.840741e-08	2.912148e-08	2.983555e-08	3.054962e-08	3.126369e-08	3.197776e-08	3.269183e-08
2.651935e-08	2.723000e-08	2.794065e-08	2.865130e-08	2.936195e-08	3.007260e-08	3.078325e-08	3.149390e-08	3.220455e-08
2.636653e-08	2.710216e-08	2.783779e-08	2.857342e-08	2.930905e-08	3.004468e-08	3.078031e-08	3.151594e-08	3.225157e-08
2.614044e-08	2.686568e-08	2.759092e-08	2.831616e-08	2.904140e-08	2.976664e-08	3.049188e-08	3.121712e-08	3.194236e-08
2.593124e-08	2.666218e-08	2.739312e-08	2.812406e-08	2.885500e-08	2.958594e-08	3.031688e-08	3.104782e-08	3.177876e-08
2.555212e-08	2.630144e-08	2.705076e-08	2.780008e-08	2.854940e-08	2.929872e-08	3.004804e-08	3.079736e-08	3.154668e-08
2.522200e-08	2.596950e-08	2.671700e-08	2.746450e-08	2.821200e-08	2.895950e-08	2.970700e-08	3.045450e-08	3.120200e-08
2.503677e-08	2.582224e-08	2.660771e-08	2.739318e-08	2.817865e-08	2.896412e-08	2.974959e-08	3.053506e-08	3.132053e-08
2.475805e-08	2.549950e-08	2.624095e-08	2.698240e-08	2.772385e-08	2.846530e-08	2.920675e-08	2.994820e-08	3.068965e-08
2.446612e-08	2.521704e-08	2.596796e-08	2.671888e-08	2.746980e-08	2.822072e-08	2.897164e-08	2.972256e-08	3.047348e-08
2.427006e-08	2.501932e-08	2.576858e-08	2.651784e-08	2.726710e-08	2.801636e-08	2.876562e-08	2.951488e-08	3.026414e-08
7.164047e-08	7.533964e-08	7.903881e-08	8.273798e-08	8.643715e-08	9.013632e-08	9.383549e-08	9.753466e-08	1.012338e-07
2.369205e-08	2.444180e-08	2.519155e-08	2.594130e-08	2.669105e-08	2.744080e-08	2.819055e-08	2.894030e-08	2.969005e-08
2.327825e-08	2.405040e-08	2.482255e-08	2.559470e-08	2.636685e-08	2.713900e-08	2.791115e-08	2.868330e-08	2.945545e-08
2.366685e-08	2.444840e-08	2.522995e-08	2.601150e-08	2.679305e-08	2.757460e-08	2.835615e-08	2.913770e-08	2.991925e-08
2.289705e-08	2.364910e-08	2.440115e-08	2.515320e-08	2.590525e-08	2.665730e-08	2.740935e-08	2.816140e-08	2.891345e-08
2.262423e-08	2.338516e-08	2.414609e-08	2.490702e-08	2.566795e-08	2.642888e-08	2.718981e-08	2.795074e-08	2.871167e-08
2.271497e-08	2.350264e-08	2.429031e-08	2.507798e-08	2.586565e-08	2.665332e-08	2.744099e-08	2.822866e-08	2.901633e-08
2.206357e-08	2.284024e-08	2.361691e-08	2.439358e-08	2.517025e-08	2.594692e-08	2.672359e-08	2.750026e-08	2.827693e-08
2.189713e-08	2.264766e-08	2.339819e-08	2.414872e-08	2.489925e-08	2.564978e-08	2.640031e-08	2.715084e-08	2.790137e-08
2.177941e-08	2.255252e-08	2.332563e-08	2.409874e-08	2.487185e-08	2.564496e-08	2.641807e-08	2.719118e-08	2.796429e-08
8.580496e-07	9.108952e-07	9.637408e-07	1.016586e-06	1.069432e-06	1.122278e-06	1.175123e-06	1.227969e-06	1.280814e-06
2.111247e-08	2.185524e-08	2.259801e-08	2.334078e-08	2.408355e-08	2.482632e-08	2.556909e-08	2.631186e-08	2.705463e-08
2.078427e-08	2.153794e-08	2.229161e-08	2.304528e-08	2.379895e-08	2.455262e-08	2.530629e-08	2.605996e-08	2.681363e-08
2.051138e-08	2.125406e-08	2.199674e-08	2.273942e-08	2.348210e-08	2.422478e-08	2.496746e-08	2.571014e-08	2.645282e-08
2.885613e-08	3.029626e-08	3.173639e-08	3.317652e-08	3.461665e-08	3.605678e-08	3.749691e-08	3.893704e-08	4.037717e-08
2.006829e-08	2.081378e-08	2.155927e-08	2.230476e-08	2.305025e-08	2.379574e-08	2.454123e-08	2.528672e-08	2.603221e-08
1.992560e-08	2.063420e-08	2.134280e-08	2.205140e-08	2.276000e-08	2.346860e-08	2.417720e-08	2.488580e-08	2.559440e-08
1.960032e-08	2.031454e-08	2.102876e-08	2.174298e-08	2.245720e-08	2.317142e-08	2.388564e-08	2.459986e-08	2.531408e-08
1.928823e-08	2.001226e-08	2.073629e-08	2.146032e-08	2.218435e-08	2.290838e-08	2.363241e-08	2.435644e-08	2.508047e-08
1.934911e-08	2.008682e-08	2.082453e-08	2.156224e-08	2.229995e-08	2.303766e-08	2.377537e-08	2.451308e-08	2.525079e-08
1.883785e-08	1.957930e-08	2.032075e-08	2.106220e-08	2.180365e-08	2.254510e-08	2.328655e-08	2.402800e-08	2.476945e-08
1.882743e-08	1.951796e-08	2.020849e-08	2.089902e-08	2.158955e-08	2.228008e-08	2.297061e-08	2.366114e-08	2.435167e-08
3.772344e-08	3.994398e-08	4.216452e-08	4.438506e-08	4.660560e-08	4.882614e-08	5.104668e-08	5.326722e-08	5.548776e-08
3.503517e-07	3.738674e-07	3.973831e-07	4.208988e-07	4.444145e-07	4.679302e-07	4.914459e-07	5.149616e-07	5.384773e-07
1.811897e-08	1.885824e-08	1.959751e-08	2.033678e-08	2.107605e-08	2.181532e-08	2.255459e-08	2.329386e-08	2.403313e-08
4.199526e-08	4.470962e-08	4.742398e-08	5.013834e-08	5.285270e-08	5.556706e-08	5.828142e-08	6.099578e-08	6.371014e-08
1.741902e-07	1.847684e-07	1.953466e-07	2.059248e-07	2.165030e-07	2.270812e-07	2.376594e-07	2.482376e-07	2.588158e-07
1.733143e-08	1.802426e-08	1.871709e-08	1.940992e-08	2.010275e-08	2.079558e-08	2.148841e-08	2.218124e-08	2.287407e-08
2.354694e-08	2.474918e-08	2.595142e-08	2.715366e-08	2.835590e-08	2.955814e-08	3.076038e-08	3.196262e-08	3.316486e-08
1.680739e-08	1.743248e-08	1.805757e-08	1.868266e-08	1.930775e-08	1.993284e-08	2.055793e-08	2.118302e-08	2.180811e-08
1.537342e-08	1.588314e-08	1.639286e-08	1.690258e-08	1.741230e-08	1.792202e-08	1.843174e-08	1.894146e-08	1.945118e-08
1.499536e-08	1.552272e-08	1.605008e-08	1.657744e-08	1.710480e-08	1.763216e-08	1.815952e-08	1.868688e-08	1.921424e-08
1.505855e-08	1.558230e-08	1.610605e-08	1.662980e-08	1.715355e-08	1.767730e-08	1.820105e-08	1.872480e-08	1.924855e-08
1.478693e-08	1.532126e-08	1.585559e-08	1.638992e-08	1.692425e-08	1.745858e-08	1.799291e-08	1.852724e-08	1.906157e-08
1.475299e-08	1.527188e-08	1.579077e-08	1.630966e-08	1.682855e-08	1.734744e-08	1.786633e-08	1.838522e-08	1.890411e-08
1.453575e-08	1.504990e-08	1.556405e-08	1.607820e-08	1.659235e-08	1.710650e-08	1.762065e-08	1.813480e-08	1.864895e-08
1.623833e-08	1.688466e-08	1.753099e-08	1.817732e-08	1.882365e-08	1.946998e-08	2.011631e-08	2.076264e-08	2.140897e-08
1.426882e-08	1.480204e-08	1.533526e-08	1.586848e-08	1.640170e-08	1.693492e-08	1.746814e-08	1.800136e-08	1.853458e-08
1.426196e-08	1.478182e-08	1.530168e-08	1.582154e-08	1.634140e-08	1.686126e-08	1.738112e-08	1.790098e-08	1.842084e-08
1.398163e-08	1.450146e-08	1.502129e-08	1.554112e-08	1.606095e-08	1.658078e-08	1.710061e-08	1.762044e-08	1.814027e-08
7.124233e-08	7.544696e-08	7.965159e-08	8.385622e-08	8.806085e-08	9.226548e-08	9.647011e-08	1.006747e-07	1.048794e-07
1.424418e-08	1.478456e-08	1.532494e-08	1.586532e-08	1.640570e-08	1.694608e-08	1.748646e-08	1.802684e-08	1.856722e-08
1.955599e-08	2.043478e-08	2.131357e-08	2.219236e-08	2.307115e-08	2.394994e-08	2.482873e-08	2.570752e-08	2.658631e-08
1.849929e-08	1.929778e-08	2.009627e-08	2.089476e-08	2.169325e-08	2.249174e-08	2.329023e-08	2.408872e-08	2.488721e-08
1.283716e-08	1.327122e-08	1.370528e-08	1.413934e-08	1.457340e-08	1.500746e-08	1.544152e-08	1.587558e-08	1.630964e-08
1.288556e-08	1.334692e-08	1.380828e-08	1.426964e-08	1.473100e-08	1.519236e-08	1.565372e-08	1.611508e-08	1.657644e-08
1.250377e-08	1.296894e-08	1.343411e-08	1.389928e-08	1.436445e-08	1.482962e-08	1.529479e-08	1.575996e-08	1.622513e-08
1.411729e-08	1.468318e-08	1.524907e-08	1.581496e-08	1.638085e-08	1.694674e-08	1.751263e-08	1.807852e-08	1.864441e-08
1.205617e-08	1.248444e-08	1.291271e-08	1.334098e-08	1.376925e-08	1.419752e-08	1.462579e-08	1.505406e-08	1.548233e-08
1.201354e-08	1.244448e-08	1.287542e-08	1.330636e-08	1.373730e-08	1.416824e-08	1.459918e-08	1.503012e-08	1.546106e-08
1.178340e-08	1.222100e-08	1.265860e-08	1.309620e-08	1.353380e-08	1.397140e-08	1.440900e-08	1.484660e-08	1.528420e-08
1.183090e-08	1.226620e-08	1.270150e-08	1.313680e-08	1.357210e-08	1.400740e-08	1.444270e-08	1.487800e-08	1.531330e-08
1.161124e-08	1.205758e-08	1.250392e-08	1.295026e-08	1.339660e-08	1.384294e-08	1.428928e-08	1.473562e-08	1.518196e-08
1.154052e-08	1.196684e-08	1.239316e-08	1.281948e-08	1.324580e-08	1.367212e-08	1.409844e-08	1.452476e-08	1.495108e-08
1.145623e-08	1.187846e-08	1.230069e-08	1.272292e-08	1.314515e-08	1.356738e-08	1.398961e-08	1.441184e-08	1.483407e-08
1.134481e-08	1.177502e-08	1.220523e-08	1.263544e-08	1.306565e-08	1.349586e-08	1.392607e-08	1.435628e-08	1.478649e-08
1.114890e-08	1.160030e-08	1.205170e-08	1.250310e-08	1.295450e-08	1.340590e-08	1.385730e-08	1.430870e-08	1.476010e-08
1.097328e-08	1.142076e-08	1.186824e-08	1.231572e-08	1.276320e-08	1.321068e-08	1.365816e-08	1.410564e-08	1.455312e-08
1.091319e-08	1.135318e-08	1.179317e-08	1.223316e-08	1.267315e-08	1.311314e-08	1.355313e-08	1.399312e-08	1.443311e-08
1.088118e-08	1.129776e-08	1.171434e-08	1.213092e-08	1.254750e-08	1.296408e-08	1.338066e-08	1.379724e-08	1.421382e-08
1.082753e-08	1.124886e-08	1.167019e-08	1.209152e-08	1.251285e-08	1.293418e-08	1.335551e-08	1.377684e-08	1.419817e-08
1.055978e-08	1.099596e-08	1.143214e-08	1.186832e-08	1.230450e-08	1.274068e-08	1.317686e-08	1.361304e-08	1.404922e-08
1.051216e-08	1.094322e-08	1.137428e-08	1.180534e-08	1.223640e-08	1.266746e-08	1.309852e-08	1.352958e-08	1.396064e-08
1.038706e-08	1.082404e-08	1.126103e-08	1.169801e-08	1.213499e-08	1.257197e-08	1.300895e-08	1.344594e-08	1.388292e-08
1.036267e-08	1.077773e-08	1.119279e-08	1.160785e-08	1.202291e-08	1.243796e-08	1.285302e-08	1.326808e-08	1.368314e-08
1.032013e-08	1.074667e-08	1.117321e-08	1.159975e-08	1.202629e-08	1.245284e-08	1.287938e-08	1.330592e-08	1.373246e-08
1.018359e-08	1.060268e-08	1.102177e-08	1.144086e-08	1.185995e-08	1.227904e-08	1.269813e-08	1.311722e-08	1.353631e-08
1.003864e-08	1.046832e-08	1.089801e-08	1.132769e-08	1.175738e-08	1.218706e-08	1.261674e-08	1.304643e-08	1.347611e-08
9.962680e-09	1.038376e-08	1.080484e-08	1.122592e-08	1.164700e-08	1.206808e-08	1.248916e-08	1.291024e-08	1.333132e-08
9.724171e-09	1.015855e-08	1.059293e-08	1.102731e-08	1.146169e-08	1.189608e-08	1.233046e-08	1.276484e-08	1.319922e-08
9.719608e-09	1.015190e-08	1.058418e-08	1.101647e-08	1.144876e-08	1.188105e-08	1.231334e-08	1.274562e-08	1.317791e-08
9.719721e-09	1.013455e-08	1.054938e-08	1.096421e-08	1.137904e-08	1.179388e-08	1.220871e-08	1.262354e-08	1.303837e-08
9.584352e-09	1.000332e-08	1.042230e-08	1.084127e-08	1.126024e-08	1.167921e-08	1.209818e-08	1.251716e-08	1.293613e-08
9.478724e-09	9.895488e-09	1.031225e-08	1.072902e-08	1.114578e-08	1.156254e-08	1.197931e-08	1.239607e-08	1.281284e-08
9.335150e-09	9.744900e-09	1.015465e-08	1.056440e-08	1.097415e-08	1.138390e-08	1.179365e-08	1.220340e-08	1.261315e-08
9.230791e-09	9.642292e-09	1.005379e-08	1.046529e-08	1.087679e-08	1.128830e-08	1.169980e-08	1.211130e-08	1.252280e-08
9.163115e-09	9.571180e-09	9.979245e-09	1.038731e-08	1.079538e-08	1.120344e-08	1.161150e-08	1.201957e-08	1.242763e-08
9.055157e-09	9.465684e-09	9.876211e-09	1.028674e-08	1.069726e-08	1.110779e-08	1.151832e-08	1.192885e-08	1.233937e-08
8.981804e-09	9.386848e-09	9.791892e-09	1.019694e-08	1.060198e-08	1.100702e-08	1.141207e-08	1.181711e-08	1.222216e-08
8.917344e-09	9.317228e-09	9.717112e-09	1.011700e-08	1.051688e-08	1.091676e-08	1.131665e-08	1.171653e-08	1.211642e-08
8.760157e-09	9.164784e-09	9.569411e-09	9.974038e-09	1.037866e-08	1.078329e-08	1.118792e-08	1.159255e-08	1.199717e-08
8.708544e-09	9.118628e-09	9.528712e-09	9.938796e-09	1.034888e-08	1.075896e-08	1.116905e-08	1.157913e-08	1.198922e-08
8.601196e-09	9.017252e-09	9.433308e-09	9.849364e-09	1.026542e-08	1.068148e-08	1.109753e-08	1.151359e-08	1.192964e-08
8.535714e-09	8.938668e-09	9.341622e-09	9.744576e-09	1.014753e-08	1.055048e-08	1.095344e-08	1.135639e-08	1.175935e-08
8.439412e-09	8.838344e-09	9.237276e-09	9.636208e-09	1.003514e-08	1.043407e-08	1.083300e-08	1.123194e-08	1.163087e-08
8.451244e-09	8.848728e-09	9.246212e-09	9.643696e-09	1.004118e-08	1.043866e-08	1.083615e-08	1.123363e-08	1.163112e-08
8.282979e-09	8.680548e-09	9.078117e-09	9.475686e-09	9.873255e-09	1.027082e-08	1.066839e-08	1.106596e-08	1.146353e-08
8.268528e-09	8.660536e-09	9.052544e-09	9.444552e-09	9.836560e-09	1.022857e-08	1.062058e-08	1.101258e-08	1.140459e-08
8.141017e-09	8.532704e-09	8.924391e-09	9.316078e-09	9.707765e-09	1.009945e-08	1.049114e-08	1.088283e-08	1.127451e-08
8.056201e-09	8.446312e-09	8.836423e-09	9.226534e-09	9.616645e-09	1.000676e-08	1.039687e-08	1.078698e-08	1.117709e-08
7.936077e-09	8.324824e-09	8.713571e-09	9.102318e-09	9.491065e-09	9.879812e-09	1.026856e-08	1.065731e-08	1.104605e-08
7.828811e-09	8.227432e-09	8.626053e-09	9.024674e-09	9.423295e-09	9.821916e-09	1.022054e-08	1.061916e-08	1.101778e-08
7.796933e-09	8.187396e-09	8.577859e-09	8.968322e-09	9.358785e-09	9.749248e-09	1.013971e-08	1.053017e-08	1.092064e-08
7.695154e-09	8.091248e-09	8.487342e-09	8.883436e-09	9.279530e-09	9.675624e-09	1.007172e-08	1.046781e-08	1.086391e-08
7.650987e-09	8.041044e-09	8.431101e-09	8.821158e-09	9.211215e-09	9.601272e-09	9.991329e-09	1.038139e-08	1.077144e-08
7.595708e-09	7.984396e-09	8.373084e-09	8.761772e-09	9.150460e-09	9.539148e-09	9.927836e-09	1.031652e-08	1.070521e-08
7.547631e-09	7.936372e-09	8.325113e-09	8.713854e-09	9.102595e-09	9.491336e-09	9.880077e-09	1.026882e-08	1.065756e-08
7.362802e-09	7.749124e-09	8.135446e-09	8.521768e-09	8.908090e-09	9.294412e-09	9.680734e-09	1.006706e-08	1.045338e-08
7.299179e-09	7.678448e-09	8.057717e-09	8.436986e-09	8.816255e-09	9.195524e-09	9.574793e-09	9.954062e-09	1.033333e-08
7.196737e-09	7.575444e-09	7.954151e-09	8.332858e-09	8.711565e-09	9.090272e-09	9.468979e-09	9.847686e-09	1.022639e-08
7.143454e-09	7.524648e-09	7.905842e-09	8.287036e-09	8.668230e-09	9.049424e-09	9.430618e-09	9.811812e-09	1.019301e-08
7.130867e-09	7.500304e-09	7.869741e-09	8.239178e-09	8.608615e-09	8.978052e-09	9.347489e-09	9.716926e-09	1.008636e-08
7.027684e-09	7.406008e-09	7.784332e-09	8.162656e-09	8.540980e-09	8.919304e-09	9.297628e-09	9.675952e-09	1.005428e-08
7.027813e-09	7.399156e-09	7.770499e-09	8.141842e-09	8.513185e-09	8.884528e-09	9.255871e-09	9.627214e-09	9.998557e-09
6.923078e-09	7.301836e-09	7.680594e-09	8.059352e-09	8.438110e-09	8.816868e-09	9.195626e-09	9.574384e-09	9.953142e-09
6.834577e-09	7.207524e-09	7.580471e-09	7.953418e-09	8.326365e-09	8.699312e-09	9.072259e-09	9.445206e-09	9.818153e-09
6.720288e-09	7.093556e-09	7.466824e-09	7.840092e-09	8.213360e-09	8.586628e-09	8.959896e-09	9.333164e-09	9.706432e-09
6.654316e-09	7.023662e-09	7.393008e-09	7.762354e-09	8.131700e-09	8.501046e-09	8.870392e-09	9.239738e-09	9.609084e-09
6.568640e-09	6.935950e-09	7.303260e-09	7.670570e-09	8.037880e-09	8.405190e-09	8.772500e-09	9.139810e-09	9.507120e-09
6.492932e-09	6.860054e-09	7.227176e-09	7.594298e-09	7.961420e-09	8.328542e-09	8.695664e-09	9.062786e-09	9.429908e-09
6.461764e-09	6.839038e-09	7.216312e-09	7.593586e-09	7.970860e-09	8.348134e-09	8.725408e-09	9.102682e-09	9.479956e-09
6.412720e-09	6.773920e-09	7.135120e-09	7.496320e-09	7.857520e-09	8.218720e-09	8.579920e-09	8.941120e-09	9.302320e-09
6.353580e-09	6.704410e-09	7.055240e-09	7.406070e-09	7.756900e-09	8.107730e-09	8.458560e-09	8.809390e-09	9.160220e-09
6.273111e-09	6.634482e-09	6.995853e-09	7.357224e-09	7.718595e-09	8.079966e-09	8.441337e-09	8.802708e-09	9.164079e-09
6.180049e-09	6.545858e-09	6.911667e-09	7.277476e-09	7.643285e-09	8.009094e-09	8.374903e-09	8.740712e-09	9.106521e-09
6.159704e-09	6.531108e-09	6.902512e-09	7.273916e-09	7.645320e-09	8.016724e-09	8.388128e-09	8.759532e-09	9.130936e-09
6.053851e-09	6.412232e-09	6.770613e-09	7.128994e-09	7.487375e-09	7.845756e-09	8.204137e-09	8.562518e-09	8.920899e-09
6.016868e-09	6.371346e-09	6.725824e-09	7.080302e-09	7.434780e-09	7.789258e-09	8.143736e-09	8.498214e-09	8.852692e-09
5.932569e-09	6.279788e-09	6.627007e-09	6.974226e-09	7.321445e-09	7.668664e-09	8.015883e-09	8.363102e-09	8.710321e-09
5.862407e-09	6.215204e-09	6.568001e-09	6.920798e-09	7.273595e-09	7.626392e-09	7.979189e-09	8.331986e-09	8.684783e-09
5.809736e-09	6.160082e-09	6.510428e-09	6.860774e-09	7.211120e-09	7.561466e-09	7.911812e-09	8.262158e-09	8.612504e-09
5.794843e-09	6.129216e-09	6.463589e-09	6.797962e-09	7.132335e-09	7.466708e-09	7.801081e-09	8.135454e-09	8.469827e-09
5.671393e-09	6.017876e-09	6.364359e-09	6.710842e-09	7.057325e-09	7.403808e-09	7.750291e-09	8.096774e-09	8.443257e-09
5.573244e-09	5.922348e-09	6.271452e-09	6.620556e-09	6.969660e-09	7.318764e-09	7.667868e-09	8.016972e-09	8.366076e-09
5.512616e-09	5.865802e-09	6.218988e-09	6.572174e-09	6.925360e-09	7.278546e-09	7.631732e-09	7.984918e-09	8.338104e-09
5.525835e-09	5.872020e-09	6.218205e-09	6.564390e-09	6.910575e-09	7.256760e-09	7.602945e-09	7.949130e-09	8.295315e-09
5.483243e-09	5.821536e-09	6.159829e-09	6.498122e-09	6.836415e-09	7.174708e-09	7.513001e-09	7.851294e-09	8.189587e-09
5.365439e-09	5.706238e-09	6.047037e-09	6.387836e-09	6.728635e-09	7.069434e-09	7.410233e-09	7.751032e-09	8.091831e-09
5.382563e-09	5.719646e-09	6.056729e-09	6.393812e-09	6.730895e-09	7.067978e-09	7.405061e-09	7.742144e-09	8.079227e-09
5.267243e-09	5.612326e-09	5.957409e-09	6.302492e-09	6.647575e-09	6.992658e-09	7.337741e-09	7.682824e-09	8.027907e-09
5.195069e-09	5.529298e-09	5.863527e-09	6.197756e-09	6.531985e-09	6.866214e-09	7.200443e-09	7.534672e-09	7.868901e-09
5.132824e-09	5.463958e-09	5.795092e-09	6.126226e-09	6.457360e-09	6.788494e-09	7.119628e-09	7.450762e-09	7.781896e-09
5.122712e-09	5.457274e-09	5.791836e-09	6.126398e-09	6.460960e-09	6.795522e-09	7.130084e-09	7.464646e-09	7.799208e-09
5.027016e-09	5.360742e-09	5.694468e-09	6.028194e-09	6.361920e-09	6.695646e-09	7.029372e-09	7.363098e-09	7.696824e-09
4.999706e-09	5.334602e-09	5.669498e-09	6.004394e-09	6.339290e-09	6.674186e-09	7.009082e-09	7.343978e-09	7.678874e-09
4.913047e-09	5.259094e-09	5.605141e-09	5.951188e-09	6.297235e-09	6.643282e-09	6.989329e-09	7.335376e-09	7.681423e-09
4.858784e-09	5.179478e-09	5.500172e-09	5.820866e-09	6.141560e-09	6.462254e-09	6.782948e-09	7.103642e-09	7.424336e-09
4.863037e-09	5.192924e-09	5.522811e-09	5.852698e-09	6.182585e-09	6.512472e-09	6.842359e-09	7.172246e-09	7.502133e-09
4.778172e-09	5.104134e-09	5.430096e-09	5.756058e-09	6.082020e-09	6.407982e-09	6.733944e-09	7.059906e-09	7.385868e-09
4.750504e-09	5.073978e-09	5.397452e-09	5.720926e-09	6.044400e-09	6.367874e-09	6.691348e-09	7.014822e-09	7.338296e-09
4.670740e-09	4.991630e-09	5.312520e-09	5.633410e-09	5.954300e-09	6.275190e-09	6.596080e-09	6.916970e-09	7.237860e-09
4.556301e-09	4.892662e-09	5.229023e-09	5.565384e-09	5.901745e-09	6.238106e-09	6.574467e-09	6.910828e-09	7.247189e-09
4.563033e-09	4.885626e-09	5.208219e-09	5.530812e-09	5.853405e-09	6.175998e-09	6.498591e-09	6.821184e-09	7.143777e-09
4.498927e-09	4.820784e-09	5.142641e-09	5.464498e-09	5.786355e-09	6.108212e-09	6.430069e-09	6.751926e-09	7.073783e-09
4.419649e-09	4.742488e-09	5.065327e-09	5.388166e-09	5.711005e-09	6.033844e-09	6.356683e-09	6.679522e-09	7.002361e-09
4.371801e-09	4.699312e-09	5.026823e-09	5.354334e-09	5.681845e-09	6.009356e-09	6.336867e-09	6.664378e-09	6.991889e-09
4.376880e-09	4.688110e-09	4.999340e-09	5.310570e-09	5.621800e-09	5.933030e-09	6.244260e-09	6.555490e-09	6.866720e-09
4.310008e-09	4.635086e-09	4.960164e-09	5.285242e-09	5.610320e-09	5.935398e-09	6.260476e-09	6.585554e-09	6.910632e-09
4.255958e-09	4.569646e-09	4.883334e-09	5.197022e-09	5.510710e-09	5.824398e-09	6.138086e-09	6.451774e-09	6.765462e-09
4.210305e-09	4.525970e-09	4.841635e-09	5.157300e-09	5.472965e-09	5.788630e-09	6.104295e-09	6.419960e-09	6.735625e-09
4.098637e-09	4.421954e-09	4.745271e-09	5.068588e-09	5.391905e-09	5.715222e-09	6.038539e-09	6.361856e-09	6.685173e-09
4.091677e-09	4.407454e-09	4.723231e-09	5.039008e-09	5.354785e-09	5.670562e-09	5.986339e-09	6.302116e-09	6.617893e-09
4.016508e-09	4.328256e-09	4.640004e-09	4.951752e-09	5.263500e-09	5.575248e-09	5.886996e-09	6.198744e-09	6.510492e-09
3.960000e-09	4.278670e-09	4.597340e-09	4.916010e-09	5.234680e-09	5.553350e-09	5.872020e-09	6.190690e-09	6.509360e-09
3.923528e-09	4.248496e-09	4.573464e-09	4.898432e-09	5.223400e-09	5.548368e-09	5.873336e-09	6.198304e-09	6.523272e-09
3.833272e-09	4.150784e-09	4.468296e-09	4.785808e-09	5.103320e-09	5.420832e-09	5.738344e-09	6.055856e-09	6.373368e-09
3.850769e-09	4.159328e-09	4.467887e-09	4.776446e-09	5.085005e-09	5.393564e-09	5.702123e-09	6.010682e-09	6.319241e-09
3.764545e-09	4.079130e-09	4.393715e-09	4.708300e-09	5.022885e-09	5.337470e-09	5.652055e-09	5.966640e-09	6.281225e-09
3.720958e-09	4.027526e-09	4.334094e-09	4.640662e-09	4.947230e-09	5.253798e-09	5.560366e-09	5.866934e-09	6.173502e-09
3.689379e-09	3.994658e-09	4.299937e-09	4.605216e-09	4.910495e-09	5.215774e-09	5.521053e-09	5.826332e-09	6.131611e-09
3.651793e-09	3.965176e-09	4.278559e-09	4.591942e-09	4.905325e-09	5.218708e-09	5.532091e-09	5.845474e-09	6.158857e-09
3.533870e-09	3.851020e-09	4.168170e-09	4.485320e-09	4.802470e-09	5.119620e-09	5.436770e-09	5.753920e-09	6.071070e-09
3.557880e-09	3.857970e-09	4.158060e-09	4.458150e-09	4.758240e-09	5.058330e-09	5.358420e-09	5.658510e-09	5.958600e-09
3.469030e-09	3.777910e-09	4.086790e-09	4.395670e-09	4.704550e-09	5.013430e-09	5.322310e-09	5.631190e-09	5.940070e-09
3.428600e-09	3.736710e-09	4.044820e-09	4.352930e-09	4.661040e-09	4.969150e-09	5.277260e-09	5.585370e-09	5.893480e-09
3.385447e-09	3.690694e-09	3.995941e-09	4.301188e-09	4.606435e-09	4.911682e-09	5.216929e-09	5.522176e-09	5.827423e-09
3.396160e-09	3.699640e-09	4.003120e-09	4.306600e-09	4.610080e-09	4.913560e-09	5.217040e-09	5.520520e-09	5.824000e-09
3.343824e-09	3.653188e-09	3.962552e-09	4.271916e-09	4.581280e-09	4.890644e-09	5.200008e-09	5.509372e-09	5.818736e-09
3.268925e-09	3.577750e-09	3.886575e-09	4.195400e-09	4.504225e-09	4.813050e-09	5.121875e-09	5.430700e-09	5.739525e-09
3.196816e-09	3.512722e-09	3.828628e-09	4.144534e-09	4.460440e-09	4.776346e-09	5.092252e-09	5.408158e-09	5.724064e-09
3.150798e-09	3.459936e-09	3.769074e-09	4.078212e-09	4.387350e-09	4.696488e-09	5.005626e-09	5.314764e-09	5.623902e-09
3.126106e-09	3.425272e-09	3.724438e-09	4.023604e-09	4.322770e-09	4.621936e-09	4.921102e-09	5.220268e-09	5.519434e-09
3.051192e-09	3.358394e-09	3.665596e-09	3.972798e-09	4.280000e-09	4.587202e-09	4.894404e-09	5.201606e-09	5.508808e-09
3.038329e-09	3.338918e-09	3.639507e-09	3.940096e-09	4.240685e-09	4.541274e-09	4.841863e-09	5.142452e-09	5.443041e-09
2.990113e-09	3.300536e-09	3.610959e-09	3.921382e-09	4.231805e-09	4.542228e-09	4.852651e-09	5.163074e-09	5.473497e-09
2.893859e-09	3.193818e-09	3.493777e-09	3.793736e-09	4.093695e-09	4.393654e-09	4.693613e-09	4.993572e-09	5.293531e-09
2.897201e-09	3.200882e-09	3.504563e-09	3.808244e-09	4.111925e-09	4.415606e-09	4.719287e-09	5.022968e-09	5.326649e-09
2.828901e-09	3.135342e-09	3.441783e-09	3.748224e-09	4.054665e-09	4.361106e-09	4.667547e-09	4.973988e-09	5.280429e-09
2.822010e-09	3.128410e-09	3.434810e-09	3.741210e-09	4.047610e-09	4.354010e-09	4.660410e-09	4.966810e-09	5.273210e-09
2.800127e-09	3.108564e-09	3.417001e-09	3.725438e-09	4.033875e-09	4.342312e-09	4.650749e-09	4.959186e-09	5.267623e-09
2.685321e-09	3.005982e-09	3.326643e-09	3.647304e-09	3.967965e-09	4.288626e-09	4.609287e-09	4.929948e-09	5.250609e-09
2.690303e-09	2.989356e-09	3.288409e-09	3.587462e-09	3.886515e-09	4.185568e-09	4.484621e-09	4.783674e-09	5.082727e-09
2.641654e-09	2.939168e-09	3.236682e-09	3.534196e-09	3.831710e-09	4.129224e-09	4.426738e-09	4.724252e-09	5.021766e-09
2.575339e-09	2.879808e-09	3.184277e-09	3.488746e-09	3.793215e-09	4.097684e-09	4.402153e-09	4.706622e-09	5.011091e-09
2.527277e-09	2.829274e-09	3.131271e-09	3.433268e-09	3.735265e-09	4.037262e-09	4.339259e-09	4.641256e-09	4.943253e-09
2.467322e-09	2.772234e-09	3.077146e-09	3.382058e-09	3.686970e-09	3.991882e-09	4.296794e-09	4.601706e-09	4.906618e-09
2.460832e-09	2.762964e-09	3.065096e-09	3.367228e-09	3.669360e-09	3.971492e-09	4.273624e-09	4.575756e-09	4.877888e-09
2.380163e-09	2.679786e-09	2.979409e-09	3.279032e-09	3.578655e-09	3.878278e-09	4.177901e-09	4.477524e-09	4.777147e-09
2.381798e-09	2.682906e-09	2.984014e-09	3.285122e-09	3.586230e-09	3.887338e-09	4.188446e-09	4.489554e-09	4.790662e-09
2.320873e-09	2.620436e-09	2.919999e-09	3.219562e-09	3.519125e-09	3.818688e-09	4.118251e-09	4.417814e-09	4.717377e-09
2.298260e-09	2.597180e-09	2.896100e-09	3.195020e-09	3.493940e-09	3.792860e-09	4.091780e-09	4.390700e-09	4.689620e-09
2.229916e-09	2.540772e-09	2.851628e-09	3.162484e-09	3.473340e-09	3.784196e-09	4.095052e-09	4.405908e-09	4.716764e-09
2.198072e-09	2.488744e-09	2.779416e-09	3.070088e-09	3.360760e-09	3.651432e-09	3.942104e-09	4.232776e-09	4.523448e-09
2.160354e-09	2.464758e-09	2.769162e-09	3.073566e-09	3.377970e-09	3.682374e-09	3.986778e-09	4.291182e-09	4.595586e-09
2.110079e-09	2.410298e-09	2.710517e-09	3.010736e-09	3.310955e-09	3.611174e-09	3.911393e-09	4.211612e-09	4.511831e-09
2.078910e-09	2.371550e-09	2.664190e-09	2.956830e-09	3.249470e-09	3.542110e-09	3.834750e-09	4.127390e-09	4.420030e-09
1.992634e-09	2.291278e-09	2.589922e-09	2.888566e-09	3.187210e-09	3.485854e-09	3.784498e-09	4.083142e-09	4.381786e-09
2.015958e-09	2.312786e-09	2.609614e-09	2.906442e-09	3.203270e-09	3.500098e-09	3.796926e-09	4.093754e-09	4.390582e-09
1.950082e-09	2.252864e-09	2.555646e-09	2.858428e-09	3.161210e-09	3.463992e-09	3.766774e-09	4.069556e-09	4.372338e-09
1.897767e-09	2.195744e-09	2.493721e-09	2.791698e-09	3.089675e-09	3.387652e-09	3.685629e-09	3.983606e-09	4.281583e-09
1.811632e-09	2.118454e-09	2.425276e-09	2.732098e-09	3.038920e-09	3.345742e-09	3.652564e-09	3.959386e-09	4.266208e-09
1.794770e-09	2.092290e-09	2.389810e-09	2.687330e-09	2.984850e-09	3.282370e-09	3.579890e-09	3.877410e-09	4.174930e-09
1.754220e-09	2.056340e-09	2.358460e-09	2.660580e-09	2.962700e-09	3.264820e-09	3.566940e-09	3.869060e-09	4.171180e-09
1.702285e-09	2.009250e-09	2.316215e-09	2.623180e-09	2.930145e-09	3.237110e-09	3.544075e-09	3.851040e-09	4.158005e-09
1.667594e-09	1.968148e-09	2.268702e-09	2.569256e-09	2.869810e-09	3.170364e-09	3.470918e-09	3.771472e-09	4.072026e-09
1.629646e-09	1.931122e-09	2.232598e-09	2.534074e-09	2.835550e-09	3.137026e-09	3.438502e-09	3.739978e-09	4.041454e-09
1.600084e-09	1.906928e-09	2.213772e-09	2.520616e-09	2.827460e-09	3.134304e-09	3.441148e-09	3.747992e-09	4.054836e-09
1.534799e-09	1.833838e-09	2.132877e-09	2.431916e-09	2.730955e-09	3.029994e-09	3.329033e-09	3.628072e-09	3.927111e-09
1.491587e-09	1.790864e-09	2.090141e-09	2.389418e-09	2.688695e-09	2.987972e-09	3.287249e-09	3.586526e-09	3.885803e-09
1.433987e-09	1.739274e-09	2.044561e-09	2.349848e-09	2.655135e-09	2.960422e-09	3.265709e-09	3.570996e-09	3.876283e-09
1.391637e-09	1.699704e-09	2.007771e-09	2.315838e-09	2.623905e-09	2.931972e-09	3.240039e-09	3.548106e-09	3.856173e-09
1.329392e-09	1.641754e-09	1.954116e-09	2.266478e-09	2.578840e-09	2.891202e-09	3.203564e-09	3.515926e-09	3.828288e-09
1.282143e-09	1.594205e-09	1.906267e-09	2.218329e-09	2.530391e-09	2.842452e-09	3.154514e-09	3.466576e-09	3.778638e-09
1.202304e-09	1.518107e-09	1.833910e-09	2.149713e-09	2.465515e-09	2.781318e-09	3.097121e-09	3.412924e-09	3.728727e-09
1.167995e-09	1.474336e-09	1.780678e-09	2.087020e-09	2.393362e-09	2.699703e-09	3.006045e-09	3.312387e-09	3.618728e-09
1.130355e-09	1.445946e-09	1.761538e-09	2.077130e-09	2.392722e-09	2.708313e-09	3.023905e-09	3.339497e-09	3.655088e-09
1.090315e-09	1.399325e-09	1.708336e-09	2.017346e-09	2.326357e-09	2.635368e-09	2.944378e-09	3.253389e-09	3.562399e-09
1.029166e-09	1.334394e-09	1.639623e-09	1.944851e-09	2.250079e-09	2.555307e-09	2.860535e-09	3.165764e-09	3.470992e-09
9.957692e-10	1.317630e-09	1.639492e-09	1.961353e-09	2.283214e-09	2.605075e-09	2.926936e-09	3.248798e-09	3.570659e-09
9.314600e-10	1.245150e-09	1.558840e-09	1.872530e-09	2.186220e-09	2.499910e-09	2.813600e-09	3.127290e-09	3.440980e-09
8.833807e-10	1.205258e-09	1.527136e-09	1.849014e-09	2.170891e-09	2.492769e-09	2.814647e-09	3.136525e-09	3.458402e-09
8.292402e-10	1.147402e-09	1.465565e-09	1.783727e-09	2.101889e-09	2.420051e-09	2.738213e-09	3.056376e-09	3.374538e-09
7.466929e-10	1.068295e-09	1.389897e-09	1.711499e-09	2.033101e-09	2.354702e-09	2.676304e-09	2.997906e-09	3.319508e-09
6.509381e-10	9.790272e-10	1.307116e-09	1.635205e-09	1.963294e-09	2.291384e-09	2.619473e-09	2.947562e-09	3.275651e-09
6.179648e-10	9.471576e-10	1.276350e-09	1.605543e-09	1.934736e-09	2.263929e-09	2.593122e-09	2.922314e-09	3.251507e-09
5.682423e-10	9.078276e-10	1.247413e-09	1.586998e-09	1.926584e-09	2.266169e-09	2.605754e-09	2.945339e-09	3.284925e-09
5.086465e-10	8.412380e-10	1.173829e-09	1.506421e-09	1.839013e-09	2.171604e-09	2.504195e-09	2.836787e-09	3.169379e-09
5.051762e-10	8.324204e-10	1.159665e-09	1.486909e-09	1.814153e-09	2.141397e-09	2.468641e-09	2.795885e-09	3.123130e-09
4.724518e-10	7.996960e-10	1.126940e-09	1.454184e-09	1.781428e-09	2.108673e-09	2.435917e-09	2.763161e-09	3.090405e-09
4.397274e-10	7.669716e-10	1.094216e-09	1.421460e-09	1.748704e-09	2.075948e-09	2.403192e-09	2.730437e-09	3.057681e-09
4.070030e-10	7.342471e-10	1.061491e-09	1.388735e-09	1.715980e-09	2.043224e-09	2.370468e-09	2.697712e-09	3.024956e-09
3.742786e-10	7.015227e-10	1.028767e-09	1.356011e-09	1.683255e-09	2.010499e-09	2.337744e-09	2.664988e-09	2.992232e-09
3.415541e-10	6.687983e-10	9.960425e-10	1.323287e-09	1.650531e-09	1.977775e-09	2.305019e-09	2.632263e-09	2.959507e-09
3.088297e-10	6.360739e-10	9.633181e-10	1.290562e-09	1.617806e-09	1.945051e-09	2.272295e-09	2.599539e-09	2.926783e-09
2.761053e-10	6.033495e-10	9.305936e-10	1.257838e-09	1.585082e-09	1.912326e-09	2.239570e-09	2.566814e-09	2.894059e-09
2.433809e-10	5.706251e-10	8.978692e-10	1.225113e-09	1.552358e-09	1.879602e-09	2.206846e-09	2.534090e-09	2.861334e-09
2.106565e-10	5.379006e-10	8.651448e-10	1.192389e-09	1.519633e-09	1.846877e-09	2.174121e-09	2.501366e-09	2.828610e-09
1.000000e-35	5.051762e-10	8.324204e-10	1.159665e-09	1.486909e-09	1.814153e-09	2.141397e-09	2.468641e-09	2.795885e-09
1.000000e-35	4.724518e-10	7.996960e-10	1.126940e-09	1.454184e-09	1.781428e-09	2.108673e-09	2.435917e-09	2.763161e-09
1.000000e-35	4.397274e-10	7.669716e-10	1.094216e-09	1.421460e-09	1.748704e-09	2.075948e-09	2.403192e-09	2.730437e-09
1.000000e-35	4.070030e-10	7.342471e-10	1.061491e-09	1.388735e-09	1.715980e-09	2.043224e-09	2.370468e-09	2.697712e-09
1.000000e-35	3.742786e-10	7.015227e-10	1.028767e-09	1.356011e-09	1.683255e-09	2.010499e-09	2.337744e-09	2.664988e-09
1.000000e-35	3.415541e-10	6.687983e-10	9.960425e-10	1.323287e-09	1.650531e-09	1.977775e-09	2.305019e-09	2.632263e-09
1.000000e-35	3.088297e-10	6.360739e-10	9.633181e-10	1.290562e-09	1.617806e-09	1.945051e-09	2.272295e-09	2.599539e-09
1.000000e-35	2.761053e-10	6.033495e-10	9.305936e-10	1.257838e-09	1.585082e-09	1.912326e-09	2.239570e-09	2.566814e-09
1.000000e-35	2.433809e-10	5.706251e-10	8.978692e-10	1.225113e-09	1.552358e-09	1.879602e-09	2.206846e-09	2.534090e-09
1.000000e-35	2.106565e-10	5.379006e-10	8.651448e-10	1.192389e-09	1.519633e-09	1.846877e-09	2.174121e-09	2.501366e-09
1.000000e-35	1.000000e-35	5.051762e-10	8.324204e-10	1.159665e-09	1.486909e-09	1.814153e-09	2.141397e-09	2.468641e-09
1.000000e-35	1.000000e-35	4.724518e-10	7.996960e-10	1.126940e-09	1.454184e-09	1.781428e-09	2.108673e-09	2.435917e-09
1.000000e-35	1.000000e-35	4.397274e-10	7.669716e-10	1.094216e-09	1.421460e-09	1.748704e-09	2.075948e-09	2.403192e-09
1.000000e-35	1.000000e-35	4.070030e-10	7.342471e-10	1.061491e-09	1.388735e-09	1.715980e-09	2.043224e-09	2.370468e-09
1.000000e-35	1.000000e-35	3.742786e-10	7.015227e-10	1.028767e-09	1.356011e-09	1.683255e-09	2.010499e-09	2.337744e-09
1.000000e-35	1.000000e-35	3.415541e-10	6.687983e-10	9.960425e-10	1.323287e-09	1.650531e-09	1.977775e-09	2.305019e-09
1.000000e-35	1.000000e-35	3.088297e-10	6.360739e-10	9.633181e-10	1.290562e-09	1.617806e-09	1.945051e-09	2.272295e-09
1.000000e-35	1.000000e-35	2.761053e-10	6.033495e-10	9.305936e-10	1.257838e-09	1.585082e-09	1.912326e-09	2.239570e-09
1.000000e-35	1.000000e-35	2.433809e-10	5.706251e-10	8.978692e-10	1.225113e-09	1.552358e-09	1.879602e-09	2.206846e-09
1.000000e-35	1.000000e-35	2.106565e-10	5.379006e-10	8.651448e-10	1.192389e-09	1.519633e-09	1.846877e-09	2.174121e-09
1.000000e-35	1.000000e-35	1.000000e-35	5.051762e-10	8.324204e-10	1.159665e-09	1.486909e-09	1.814153e-09	2.141397e-09
1.000000e-35	1.000000e-35	1.000000e-35	4.724518e-10	7.996960e-10	1.126940e-09	1.454184e-09	1.781428e-09	2.108673e-09
1.000000e-35	1.000000e-35	1.000000e-35	4.397274e-10	7.669716e-10	1.094216e-09	1.421460e-09	1.748704e-09	2.075948e-09
1.000000e-35	1.000000e-35	1.000000e-35	4.070030e-10	7.342471e-10	1.061491e-09	1.388735e-09	1.715980e-09	2.043224e-09
1.000000e-35	1.000000e-35	1.000000e-35	3.742786e-10	7.015227e-10	1.028767e-09	1.356011e-09	1.683255e-09	2.010499e-09
1.000000e-35	1.000000e-35	1.000000e-35	3.415541e-10	6.687983e-10	9.960425e-10	1.323287e-09	1.650531e-09	1.977775e-09
1.000000e-35	1.000000e-35	1.000000e-35	3.088297e-10	6.360739e-10	9.633181e-10	1.290562e-09	1.617806e-09	1.945051e-09
1.000000e-35	1.000000e-35	1.000000e-35	2.761053e-10	6.033495e-10	9.305936e-10	1.257838e-09	1.585082e-09	1.912326e-09
1.000000e-35	1.000000e-35	1.000000e-35	2.433809e-10	5.706251e-10	8.978692e-10	1.225113e-09	1.552358e-09	1.879602e-09
1.000000e-35	1.000000e-35	1.000000e-35	2.106565e-10	5.379006e-10	8.651448e-10	1.192389e-09	1.519633e-09	1.846877e-09
1.000000e-35	1.000000e-35	1.000000e-35	1.000000e-35	5.051762e-10	8.324204e-10	1.159665e-09	1.486909e-09	1.814153e-09
1.000000e-35	1.000000e-35	1.000000e-35	1.000000e-35	4.724518e-10	7.996960e-10	1.126940e-09	1.454184e-09	1.781428e-09
1.000000e-35	1.000000e-35	1.000000e-35	1.000000e-35	4.397274e-10	7.669716e-10	1.094216e-09	1.421460e-09	1.748704e-09
1.000000e-35	1.000000e-35	1.000000e-35	1.000000e-35	4.070030e-10	7.342471e-10	1.061491e-09	1.388735e-09	1.715980e-09
1.000000e-35	1.000000e-35	1.000000e-35	1.000000e-35	3.742786e-10	7.015227e-10	1.028767e-09	1.356011e-09	1.683255e-09
1.000000e-35	1.000000e-35	1.000000e-35	1.000000e-35	3.415541e-10	6.687983e-10	9.960425e-10	1.323287e-09	1.650531e-09
1.000000e-35	1.000000e-35	1.000000e-35	1.000000e-35	3.088297e-10	6.360739e-10	9.633181e-10	1.290562e-09	1.617806e-09
1.000000e-35	1.000000e-35	1.000000e-35	1.000000e-35	2.761053e-10	6.033495e-10	9.305936e-10	1.257838e-09	1.585082e-09
1.000000e-35	1.000000e-35	1.000000e-35	1.000000e-35	2.433809e-10	5.706251e-10	8.978692e-10	1.225113e-09	1.552358e-09
1.000000e-35	1.000000e-35	1.000000e-35	1.000000e-35	2.106565e-10	5.379006e-10	8.651448e-10	1.192389e-09	1.519633e-09
1.000000e-35	1.000000e-35	1.000000e-35	1.000000e-35	1.000000e-35	5.051762e-10	8.324204e-10	1.159665e-09	1.486909e-09
1.000000e-35	1.000000e-35	1.000000e-35	1.000000e-35	1.000000e-35	4.724518e-10	7.996960e-10	1.126940e-09	1.454184e-09
1.000000e-35	1.000000e-35	1.000000e-35	1.000000e-35	1.000000e-35	4.397274e-10	7.669716e-10	1.094216e-09	1.421460e-09
1.000000e-35	1.000000e-35	1.000000e-35	1.000000e-35	1.000000e-35	4.070030e-10	7.342471e-10	1.061491e-09	1.388735e-09
1.000000e-35	1.000000e-35	1.000000e-35	1.000000e-35	1.000000e-35	3.742786e-10	7.015227e-10	1.028767e-09	1.356011e-09
1.000000e-35	1.000000e-35	1.000000e-35	1.000000e-35	1.000000e-35	3.415541e-10	6.687983e-10	9.960425e-10	1.323287e-09
1.000000e-35	1.000000e-35	1.000000e-35	1.000000e-35	1.000000e-35	3.088297e-10	6.360739e-10	9.633181e-10	1.290562e-09
1.000000e-35	1.000000e-35	1.000000e-35	1.000000e-35	1.000000e-35	2.761053e-10	6.033495e-10	9.305936e-10	1.257838e-09
1.000000e-35	1.000000e-35	1.000000e-35	1.000000e-35	1.000000e-35	2.433809e-10	5.706251e-10	8.978692e-10	1.225113e-09
1.000000e-35	1.000000e-35	1.000000e-35	1.000000e-35	1.000000e-35	2.106565e-10	5.379006e-10	8.651448e-10	1.192389e-09
1.000000e-35	1.000000e-35	1.000000e-35	1.000000e-35	1.000000e-35	1.000000e-35	5.051762e-10	8.324204e-10	1.159665e-09
1.000000e-35	1.000000e-35	1.000000e-35	1.000000e-35	1.000000e-35	1.000000e-35	4.724518e-10	7.996960e-10	1.126940e-09
1.000000e-35	1.000000e-35	1.000000e-35	1.000000e-35	1.000000e-35	1.000000e-35	4.397274e-10	7.669716e-10	1.094216e-09
1.000000e-35	1.000000e-35	1.000000e-35	1.000000e-35	1.000000e-35	1.000000e-35	4.070030e-10	7.342471e-10	1.061491e-09
1.000000e-35	1.000000e-35	1.000000e-35	1.000000e-35	1.000000e-35	1.000000e-35	3.742786e-10	7.015227e-10	1.028767e-09
1.000000e-35	1.000000e-35	1.000000e-35	1.000000e-35	1.000000e-35	1.000000e-35	3.415541e-10	6.687983e-10	9.960425e-10
1.000000e-35	1.000000e-35	1.000000e-35	1.000000e-35	1.000000e-35	1.000000e-35	3.088297e-10	6.360739e-10	9.633181e-10
1.000000e-35	1.000000e-35	1.000000e-35	1.000000e-35	1.000000e-35	1.000000e-35	2.761053e-10	6.033495e-10	9.305936e-10
1.000000e-35	1.000000e-35	1.000000e-35	1.000000e-35	1.000000e-35	1.000000e-35	2.433809e-10	5.706251e-10	8.978692e-10
1.000000e-35	1.000000e-35	1.000000e-35	1.000000e-35	1.000000e-35	1.000000e-35	2.106565e-10	5.379006e-10	8.651448e-10
1.000000e-35	1.000000e-35	1.000000e-35	1.000000e-35	1.000000e-35	1.000000e-35	1.000000e-35	5.051762e-10	8.324204e-10
1.000000e-35	1.000000e-35	1.000000e-35	1.000000e-35	1.000000e-35	1.000000e-35	1.000000e-35	4.724518e-10	7.996960e-10
1.000000e-35	1.000000e-35	1.000000e-35	1.000000e-35	1.000000e-35	1.000000e-35	1.000000e-35	4.397274e-10	7.669716e-10
1.000000e-35	1.000000e-35	1.000000e-35	1.000000e-35	1.000000e-35	1.000000e-35	1.000000e-35	4.070030e-10	7.342471e-10
1.000000e-35	1.000000e-35	1.000000e-35	1.000000e-35	1.000000e-35	1.000000e-35	1.000000e-35	3.742786e-10	7.015227e-10
1.000000e-35	1.000000e-35	1.000000e-35	1.000000e-35	1.000000e-35	1.000000e-35	1.000000e-35	3.415541e-10	6.687983e-10
1.000000e-35	1.000000e-35	1.000000e-35	1.000000e-35	1.000000e-35	1.000000e-35	1.000000e-35	3.088297e-10	6.360739e-10
1.000000e-35	1.000000e-35	1.000000e-35	1.000000e-35	1.000000e-35	1.000000e-35	1.000000e-35	2.761053e-10	6.033495e-10
1.000000e-35	1.000000e-35	1.000000e-35	1.000000e-35	1.000000e-35	1.000000e-35	1.000000e-35	2.433809e-10	5.706251e-10
1.000000e-35	1.000000e-35	1.000000e-35	1.000000e-35	1.000000e-35	1.000000e-35	1.000000e-35	2.106565e-10	5.379006e-10
1.000000e-35	1.000000e-35	1.000000e-35	1.000000e-35	1.000000e-35	1.000000e-35	1.000000e-35	1.000000e-35	5.051762e-10
1.000000e-35	1.000000e-35	1.000000e-35	1.000000e-35	1.000000e-35	1.000000e-35	1.000000e-35	1.000000e-35	4.724518e-10
1.000000e-35	1.000000e-35	1.000000e-35	1.000000e-35	1.000000e-35	1.000000e-35	1.000000e-35	1.000000e-35	4.397274e-10
1.000000e-35	1.000000e-35	1.000000e-35	1.000000e-35	1.000000e-35	1.000000e-35	1.000000e-35	1.000000e-35	4.070030e-10
1.000000e-35	1.000000e-35	1.000000e-35	1.000000e-35	1.000000e-35	1.000000e-35	1.000000e-35	1.000000e-35	3.742786e-10
1.000000e-35	1.000000e-35	1.000000e-35	1.000000e-35	1.000000e-35	1.000000e-35	1.000000e-35	1.000000e-35	3.415541e-10
1.000000e-35	1.000000e-35	1.000000e-35	1.000000e-35	1.000000e-35	1.000000e-35	1.000000e-35	1.000000e-35	3.088297e-10
1.000000e-35	1.000000e-35	1.000000e-35	1.000000e-35	1.000000e-35	1.000000e-35	1.000000e-35	1.000000e-35	2.761053e-10
1.000000e-35	1.000000e-35	1.000000e-35	1.000000e-35	1.000000e-35	1.000000e-35	1.000000e-35	1.000000e-35	2.433809e-10
1.000000e-35	1.000000e-35	1.000000e-35	1.000000e-35	1.000000e-35	1.000000e-35	1.000000e-35	1.000000e-35	2.106565e-10
1.000000e-35	1.000000e-35	1.000000e-35	1.000000e-35	1.000000e-35	1.000000e-35	1.000000e-35	1.000000e-35	1.000000e-35
1.000000e-35	1.000000e-35	1.000000e-35	1.000000e-35	1.000000e-35	1.000000e-35	1.000000e-35	1.000000e-35	1.000000e-35
1.000000e-35	1.000000e-35	1.000000e-35	1.000000e-35	1.000000e-35	1.000000e-35	1.000000e-35	1.000000e-35	1.000000e-35
1.000000e-35	1.000000e-35	1.000000e-35	1.000000e-35	1.000000e-35	1.000000e-35	1.000000e-35	1.000000e-35	1.000000e-35
1.000000e-35	1.000000e-35	1.000000e-35	1.000000e-35	1.000000e-35	1.000000e-35	1.000000e-35	1.000000e-35	1.000000e-35
1.000000e-35	1.000000e-35	1.000000e-35	1.000000e-35	1.000000e-35	1.000000e-35	1.000000e-35	1.000000e-35	1.000000e-35
1.000000e-35	1.000000e-35	1.000000e-35	1.000000e-35	1.000000e-35	1.000000e-35	1.000000e-35	1.000000e-35	1.000000e-35
1.000000e-35	1.000000e-35	1.000000e-35	1.000000e-35	1.000000e-35	1.000000e-35	1.000000e-35	1.000000e-35	1.000000e-35
1.000000e-35	1.000000e-35	1.000000e-35	1.000000e-35	1.000000e-35	1.000000e-35	1.000000e-35	1.000000e-35	1.000000e-35
1.000000e-35	1.000000e-35	1.000000e-35	1.000000e-35	1.000000e-35	1.000000e-35	1.000000e-35	1.000000e-35	1.000000e-35
