1.000000e-35	1.000000e-35	1.000000e-35	1.000000e-35	1.000000e-35	1.000000e-35	1.000000e-35	1.000000e-35	1.000000e-35
1.000000e-35	1.000000e-35	1.000000e-35	1.000000e-35	1.000000e-35	1.000000e-35	1.000000e-35	1.000000e-35	1.000000e-35
1.000000e-35	1.000000e-35	1.000000e-35	1.000000e-35	1.000000e-35	1.000000e-35	1.000000e-35	1.000000e-35	1.000000e-35
1.000000e-35	1.000000e-35	1.000000e-35	1.000000e-35	1.000000e-35	1.000000e-35	1.000000e-35	1.000000e-35	1.000000e-35
1.000000e-35	1.000000e-35	1.000000e-35	1.000000e-35	1.000000e-35	1.000000e-35	1.000000e-35	1.000000e-35	1.000000e-35
1.000000e-35	1.000000e-35	1.000000e-35	1.000000e-35	1.000000e-35	1.000000e-35	1.000000e-35	1.000000e-35	1.000000e-35
1.000000e-35	1.000000e-35	1.000000e-35	1.000000e-35	1.000000e-35	1.000000e-35	1.000000e-35	1.000000e-35	1.000000e-35
1.000000e-35	1.000000e-35	1.000000e-35	1.000000e-35	1.000000e-35	1.000000e-35	1.000000e-35	1.000000e-35	1.000000e-35
1.000000e-35	1.000000e-35	1.000000e-35	1.000000e-35	1.000000e-35	1.000000e-35	1.000000e-35	1.000000e-35	1.000000e-35
1.000000e-35	1.000000e-35	1.000000e-35	1.000000e-35	1.000000e-35	1.000000e-35	1.000000e-35	1.000000e-35	1.000000e-35
1.903662e-12	1.870454e-12	1.837246e-12	1.804038e-12	1.770830e-12	1.737622e-12	1.704414e-12	1.671206e-12	1.637998e-12
4.884419e-12	4.549118e-12	4.213817e-12	3.878516e-12	3.543215e-12	3.207914e-12	2.872613e-12	2.537312e-12	2.202011e-12
9.427962e-12	9.333744e-12	9.239526e-12	9.145308e-12	9.051090e-12	8.956872e-12	8.862654e-12	8.768436e-12	8.674218e-12
4.273491e-10	4.101742e-10	3.929993e-10	3.758244e-10	3.586495e-10	3.414746e-10	3.242997e-10	3.071248e-10	2.899499e-10
2.763379e-10	2.809248e-10	2.855117e-10	2.900986e-10	2.946855e-10	2.992724e-10	3.038593e-10	3.084462e-10	3.130331e-10
6.396478e-10	6.420306e-10	6.444134e-10	6.467962e-10	6.491790e-10	6.515618e-10	6.539446e-10	6.563274e-10	6.587102e-10
2.290426e-09	2.286142e-09	2.281858e-09	2.277574e-09	2.273290e-09	2.269006e-09	2.264722e-09	2.260438e-09	2.256154e-09
7.958253e-08	7.968546e-08	7.978839e-08	7.989132e-08	7.999425e-08	8.009718e-08	8.020011e-08	8.030304e-08	8.040597e-08
3.034734e-08	2.993428e-08	2.952122e-08	2.910816e-08	2.869510e-08	2.828204e-08	2.786898e-08	2.745592e-08	2.704286e-08
3.327421e-09	3.330012e-09	3.332603e-09	3.335194e-09	3.337785e-09	3.340376e-09	3.342967e-09	3.345558e-09	3.348149e-09
1.128183e-08	1.126846e-08	1.125509e-08	1.124172e-08	1.122835e-08	1.121498e-08	1.120161e-08	1.118824e-08	1.117487e-08
6.442837e-09	6.464314e-09	6.485791e-09	6.507268e-09	6.528745e-09	6.550222e-09	6.571699e-09	6.593176e-09	6.614653e-09
7.804061e-09	7.821922e-09	7.839783e-09	7.857644e-09	7.875505e-09	7.893366e-09	7.911227e-09	7.929088e-09	7.946949e-09
1.404129e-08	1.407458e-08	1.410787e-08	1.414116e-08	1.417445e-08	1.420774e-08	1.424103e-08	1.427432e-08	1.430761e-08
1.077927e-08	1.080074e-08	1.082221e-08	1.084368e-08	1.086515e-08	1.088662e-08	1.090809e-08	1.092956e-08	1.095103e-08
1.232592e-08	1.234774e-08	1.236956e-08	1.239138e-08	1.241320e-08	1.243502e-08	1.245684e-08	1.247866e-08	1.250048e-08
1.345767e-08	1.351834e-08	1.357901e-08	1.363968e-08	1.370035e-08	1.376102e-08	1.382169e-08	1.388236e-08	1.394303e-08
1.586595e-08	1.593330e-08	1.600065e-08	1.606800e-08	1.613535e-08	1.620270e-08	1.627005e-08	1.633740e-08	1.640475e-08
1.646822e-08	1.651734e-08	1.656646e-08	1.661558e-08	1.666470e-08	1.671382e-08	1.676294e-08	1.681206e-08	1.686118e-08
1.810968e-08	1.817306e-08	1.823644e-08	1.829982e-08	1.836320e-08	1.842658e-08	1.848996e-08	1.855334e-08	1.861672e-08
1.949743e-08	1.954436e-08	1.959129e-08	1.963822e-08	1.968515e-08	1.973208e-08	1.977901e-08	1.982594e-08	1.987287e-08
2.108681e-08	2.115742e-08	2.122803e-08	2.129864e-08	2.136925e-08	2.143986e-08	2.151047e-08	2.158108e-08	2.165169e-08
2.236289e-08	2.246378e-08	2.256467e-08	2.266556e-08	2.276645e-08	2.286734e-08	2.296823e-08	2.306912e-08	2.317001e-08
2.370738e-08	2.379786e-08	2.388834e-08	2.397882e-08	2.406930e-08	2.415978e-08	2.425026e-08	2.434074e-08	2.443122e-08
2.491056e-08	2.502842e-08	2.514628e-08	2.526414e-08	2.538200e-08	2.549986e-08	2.561772e-08	2.573558e-08	2.585344e-08
2.593541e-08	2.608192e-08	2.622843e-08	2.637494e-08	2.652145e-08	2.666796e-08	2.681447e-08	2.696098e-08	2.710749e-08
2.711714e-08	2.724898e-08	2.738082e-08	2.751266e-08	2.764450e-08	2.777634e-08	2.790818e-08	2.804002e-08	2.817186e-08
2.798979e-08	2.814018e-08	2.829057e-08	2.844096e-08	2.859135e-08	2.874174e-08	2.889213e-08	2.904252e-08	2.919291e-08
2.872032e-08	2.892074e-08	2.912116e-08	2.932158e-08	2.952200e-08	2.972242e-08	2.992284e-08	3.012326e-08	3.032368e-08
2.970024e-08	2.988018e-08	3.006012e-08	3.024006e-08	3.042000e-08	3.059994e-08	3.077988e-08	3.095982e-08	3.113976e-08
3.035911e-08	3.055312e-08	3.074713e-08	3.094114e-08	3.113515e-08	3.132916e-08	3.152317e-08	3.171718e-08	3.191119e-08
3.116656e-08	3.138022e-08	3.159388e-08	3.180754e-08	3.202120e-08	3.223486e-08	3.244852e-08	3.266218e-08	3.287584e-08
3.154451e-08	3.184022e-08	3.213593e-08	3.243164e-08	3.272735e-08	3.302306e-08	3.331877e-08	3.361448e-08	3.391019e-08
3.236103e-08	3.264056e-08	3.292009e-08	3.319962e-08	3.347915e-08	3.375868e-08	3.403821e-08	3.431774e-08	3.459727e-08
3.255724e-08	3.285378e-08	3.315032e-08	3.344686e-08	3.374340e-08	3.403994e-08	3.433648e-08	3.463302e-08	3.492956e-08
3.320461e-08	3.349212e-08	3.377963e-08	3.406714e-08	3.435465e-08	3.464216e-08	3.492967e-08	3.521718e-08	3.550469e-08
3.359291e-08	3.389712e-08	3.420133e-08	3.450554e-08	3.480975e-08	3.511396e-08	3.541817e-08	3.572238e-08	3.602659e-08
3.361494e-08	3.390768e-08	3.420042e-08	3.449316e-08	3.478590e-08	3.507864e-08	3.537138e-08	3.566412e-08	3.595686e-08
3.389077e-08	3.425444e-08	3.461811e-08	3.498178e-08	3.534545e-08	3.570912e-08	3.607279e-08	3.643646e-08	3.680013e-08
3.420019e-08	3.455478e-08	3.490937e-08	3.526396e-08	3.561855e-08	3.597314e-08	3.632773e-08	3.668232e-08	3.703691e-08
3.447798e-08	3.483936e-08	3.520074e-08	3.556212e-08	3.592350e-08	3.628488e-08	3.664626e-08	3.700764e-08	3.736902e-08
3.453524e-08	3.492228e-08	3.530932e-08	3.569636e-08	3.608340e-08	3.647044e-08	3.685748e-08	3.724452e-08	3.763156e-08
3.461426e-08	3.502912e-08	3.544398e-08	3.585884e-08	3.627370e-08	3.668856e-08	3.710342e-08	3.751828e-08	3.793314e-08
3.468472e-08	3.513834e-08	3.559196e-08	3.604558e-08	3.649920e-08	3.695282e-08	3.740644e-08	3.786006e-08	3.831368e-08
3.465908e-08	3.508976e-08	3.552044e-08	3.595112e-08	3.638180e-08	3.681248e-08	3.724316e-08	3.767384e-08	3.810452e-08
3.476888e-08	3.526076e-08	3.575264e-08	3.624452e-08	3.673640e-08	3.722828e-08	3.772016e-08	3.821204e-08	3.870392e-08
3.455677e-08	3.504514e-08	3.553351e-08	3.602188e-08	3.651025e-08	3.699862e-08	3.748699e-08	3.797536e-08	3.846373e-08
3.458077e-08	3.505374e-08	3.552671e-08	3.599968e-08	3.647265e-08	3.694562e-08	3.741859e-08	3.789156e-08	3.836453e-08
3.456146e-08	3.504662e-08	3.553178e-08	3.601694e-08	3.650210e-08	3.698726e-08	3.747242e-08	3.795758e-08	3.844274e-08
3.433224e-08	3.484728e-08	3.536232e-08	3.587736e-08	3.639240e-08	3.690744e-08	3.742248e-08	3.793752e-08	3.845256e-08
3.433452e-08	3.485084e-08	3.536716e-08	3.588348e-08	3.639980e-08	3.691612e-08	3.743244e-08	3.794876e-08	3.846508e-08
3.401834e-08	3.454078e-08	3.506322e-08	3.558566e-08	3.610810e-08	3.663054e-08	3.715298e-08	3.767542e-08	3.819786e-08
3.394107e-08	3.447624e-08	3.501141e-08	3.554658e-08	3.608175e-08	3.661692e-08	3.715209e-08	3.768726e-08	3.822243e-08
3.352271e-08	3.413022e-08	3.473773e-08	3.534524e-08	3.595275e-08	3.656026e-08	3.716777e-08	3.777528e-08	3.838279e-08
3.355968e-08	3.413216e-08	3.470464e-08	3.527712e-08	3.584960e-08	3.642208e-08	3.699456e-08	3.756704e-08	3.813952e-08
3.322700e-08	3.378640e-08	3.434580e-08	3.490520e-08	3.546460e-08	3.602400e-08	3.658340e-08	3.714280e-08	3.770220e-08
3.312220e-08	3.373470e-08	3.434720e-08	3.495970e-08	3.557220e-08	3.618470e-08	3.679720e-08	3.740970e-08	3.802220e-08
3.288091e-08	3.346582e-08	3.405073e-08	3.463564e-08	3.522055e-08	3.580546e-08	3.639037e-08	3.697528e-08	3.756019e-08
3.258810e-08	3.322670e-08	3.386530e-08	3.450390e-08	3.514250e-08	3.578110e-08	3.641970e-08	3.705830e-08	3.769690e-08
3.265223e-08	3.319846e-08	3.374469e-08	3.429092e-08	3.483715e-08	3.538338e-08	3.592961e-08	3.647584e-08	3.702207e-08
3.207947e-08	3.272784e-08	3.337621e-08	3.402458e-08	3.467295e-08	3.532132e-08	3.596969e-08	3.661806e-08	3.726643e-08
3.185041e-08	3.247642e-08	3.310243e-08	3.372844e-08	3.435445e-08	3.498046e-08	3.560647e-08	3.623248e-08	3.685849e-08
3.166547e-08	3.231754e-08	3.296961e-08	3.362168e-08	3.427375e-08	3.492582e-08	3.557789e-08	3.622996e-08	3.688203e-08
1.082308e-07	1.115286e-07	1.148264e-07	1.181242e-07	1.214220e-07	1.247198e-07	1.280176e-07	1.313154e-07	1.346132e-07
3.106728e-08	3.169476e-08	3.232224e-08	3.294972e-08	3.357720e-08	3.420468e-08	3.483216e-08	3.545964e-08	3.608712e-08
3.085240e-08	3.147720e-08	3.210200e-08	3.272680e-08	3.335160e-08	3.397640e-08	3.460120e-08	3.522600e-08	3.585080e-08
3.139157e-08	3.208234e-08	3.277311e-08	3.346388e-08	3.415465e-08	3.484542e-08	3.553619e-08	3.622696e-08	3.691773e-08
3.033859e-08	3.101168e-08	3.168477e-08	3.235786e-08	3.303095e-08	3.370404e-08	3.437713e-08	3.505022e-08	3.572331e-08
3.012058e-08	3.076856e-08	3.141654e-08	3.206452e-08	3.271250e-08	3.336048e-08	3.400846e-08	3.465644e-08	3.530442e-08
3.046179e-08	3.111958e-08	3.177737e-08	3.243516e-08	3.309295e-08	3.375074e-08	3.440853e-08	3.506632e-08	3.572411e-08
2.968185e-08	3.031010e-08	3.093835e-08	3.156660e-08	3.219485e-08	3.282310e-08	3.345135e-08	3.407960e-08	3.470785e-08
2.928717e-08	2.992244e-08	3.055771e-08	3.119298e-08	3.182825e-08	3.246352e-08	3.309879e-08	3.373406e-08	3.436933e-08
2.939585e-08	3.005430e-08	3.071275e-08	3.137120e-08	3.202965e-08	3.268810e-08	3.334655e-08	3.400500e-08	3.466345e-08
1.383570e-06	1.433480e-06	1.483390e-06	1.533300e-06	1.583210e-06	1.633120e-06	1.683030e-06	1.732940e-06	1.782850e-06
2.841163e-08	2.902586e-08	2.964009e-08	3.025432e-08	3.086855e-08	3.148278e-08	3.209701e-08	3.271124e-08	3.332547e-08
2.822073e-08	2.887416e-08	2.952759e-08	3.018102e-08	3.083445e-08	3.148788e-08	3.214131e-08	3.279474e-08	3.344817e-08
2.784896e-08	2.850242e-08	2.915588e-08	2.980934e-08	3.046280e-08	3.111626e-08	3.176972e-08	3.242318e-08	3.307664e-08
4.295831e-08	4.409932e-08	4.524033e-08	4.638134e-08	4.752235e-08	4.866336e-08	4.980437e-08	5.094538e-08	5.208639e-08
2.740222e-08	2.802674e-08	2.865126e-08	2.927578e-08	2.990030e-08	3.052482e-08	3.114934e-08	3.177386e-08	3.239838e-08
2.695885e-08	2.761470e-08	2.827055e-08	2.892640e-08	2.958225e-08	3.023810e-08	3.089395e-08	3.154980e-08	3.220565e-08
2.667994e-08	2.733158e-08	2.798322e-08	2.863486e-08	2.928650e-08	2.993814e-08	3.058978e-08	3.124142e-08	3.189306e-08
2.644341e-08	2.708232e-08	2.772123e-08	2.836014e-08	2.899905e-08	2.963796e-08	3.027687e-08	3.091578e-08	3.155469e-08
2.664705e-08	2.730560e-08	2.796415e-08	2.862270e-08	2.928125e-08	2.993980e-08	3.059835e-08	3.125690e-08	3.191545e-08
2.612628e-08	2.674166e-08	2.735704e-08	2.797242e-08	2.858780e-08	2.920318e-08	2.981856e-08	3.043394e-08	3.104932e-08
2.569456e-08	2.634692e-08	2.699928e-08	2.765164e-08	2.830400e-08	2.895636e-08	2.960872e-08	3.026108e-08	3.091344e-08
5.999336e-08	6.227842e-08	6.456348e-08	6.684854e-08	6.913360e-08	7.141866e-08	7.370372e-08	7.598878e-08	7.827384e-08
5.864091e-07	6.108252e-07	6.352413e-07	6.596574e-07	6.840735e-07	7.084896e-07	7.329057e-07	7.573218e-07	7.817379e-07
2.539513e-08	2.601786e-08	2.664059e-08	2.726332e-08	2.788605e-08	2.850878e-08	2.913151e-08	2.975424e-08	3.037697e-08
6.882011e-08	7.121572e-08	7.361133e-08	7.600694e-08	7.840255e-08	8.079816e-08	8.319377e-08	8.558938e-08	8.798499e-08
2.799032e-07	2.904124e-07	3.009216e-07	3.114308e-07	3.219400e-07	3.324492e-07	3.429584e-07	3.534676e-07	3.639768e-07
2.418817e-08	2.480944e-08	2.543071e-08	2.605198e-08	2.667325e-08	2.729452e-08	2.791579e-08	2.853706e-08	2.915833e-08
3.537944e-08	3.639178e-08	3.740412e-08	3.841646e-08	3.942880e-08	4.044114e-08	4.145348e-08	4.246582e-08	4.347816e-08
2.294976e-08	2.346632e-08	2.398288e-08	2.449944e-08	2.501600e-08	2.553256e-08	2.604912e-08	2.656568e-08	2.708224e-08
2.038594e-08	2.081098e-08	2.123602e-08	2.166106e-08	2.208610e-08	2.251114e-08	2.293618e-08	2.336122e-08	2.378626e-08
2.018911e-08	2.063662e-08	2.108413e-08	2.153164e-08	2.197915e-08	2.242666e-08	2.287417e-08	2.332168e-08	2.376919e-08
2.020440e-08	2.063650e-08	2.106860e-08	2.150070e-08	2.193280e-08	2.236490e-08	2.279700e-08	2.322910e-08	2.366120e-08
2.002392e-08	2.045194e-08	2.087996e-08	2.130798e-08	2.173600e-08	2.216402e-08	2.259204e-08	2.302006e-08	2.344808e-08
1.984942e-08	2.027584e-08	2.070226e-08	2.112868e-08	2.155510e-08	2.198152e-08	2.240794e-08	2.283436e-08	2.326078e-08
1.962821e-08	2.009332e-08	2.055843e-08	2.102354e-08	2.148865e-08	2.195376e-08	2.241887e-08	2.288398e-08	2.334909e-08
2.262662e-08	2.319794e-08	2.376926e-08	2.434058e-08	2.491190e-08	2.548322e-08	2.605454e-08	2.662586e-08	2.719718e-08
1.949273e-08	1.991766e-08	2.034259e-08	2.076752e-08	2.119245e-08	2.161738e-08	2.204231e-08	2.246724e-08	2.289217e-08
1.941359e-08	1.988648e-08	2.035937e-08	2.083226e-08	2.130515e-08	2.177804e-08	2.225093e-08	2.272382e-08	2.319671e-08
1.911032e-08	1.956054e-08	2.001076e-08	2.046098e-08	2.091120e-08	2.136142e-08	2.181164e-08	2.226186e-08	2.271208e-08
1.131208e-07	1.171576e-07	1.211944e-07	1.252312e-07	1.292680e-07	1.333048e-07	1.373416e-07	1.413784e-07	1.454152e-07
1.956430e-08	2.002100e-08	2.047770e-08	2.093440e-08	2.139110e-08	2.184780e-08	2.230450e-08	2.276120e-08	2.321790e-08
2.834383e-08	2.922256e-08	3.010129e-08	3.098002e-08	3.185875e-08	3.273748e-08	3.361621e-08	3.449494e-08	3.537367e-08
2.650480e-08	2.732390e-08	2.814300e-08	2.896210e-08	2.978120e-08	3.060030e-08	3.141940e-08	3.223850e-08	3.305760e-08
1.714037e-08	1.753704e-08	1.793371e-08	1.833038e-08	1.872705e-08	1.912372e-08	1.952039e-08	1.991706e-08	2.031373e-08
1.742533e-08	1.781286e-08	1.820039e-08	1.858792e-08	1.897545e-08	1.936298e-08	1.975051e-08	2.013804e-08	2.052557e-08
1.707583e-08	1.746136e-08	1.784689e-08	1.823242e-08	1.861795e-08	1.900348e-08	1.938901e-08	1.977454e-08	2.016007e-08
1.965134e-08	2.009238e-08	2.053342e-08	2.097446e-08	2.141550e-08	2.185654e-08	2.229758e-08	2.273862e-08	2.317966e-08
1.628419e-08	1.665778e-08	1.703137e-08	1.740496e-08	1.777855e-08	1.815214e-08	1.852573e-08	1.889932e-08	1.927291e-08
1.623260e-08	1.657320e-08	1.691380e-08	1.725440e-08	1.759500e-08	1.793560e-08	1.827620e-08	1.861680e-08	1.895740e-08
1.609945e-08	1.647710e-08	1.685475e-08	1.723240e-08	1.761005e-08	1.798770e-08	1.836535e-08	1.874300e-08	1.912065e-08
1.610781e-08	1.646702e-08	1.682623e-08	1.718544e-08	1.754465e-08	1.790386e-08	1.826307e-08	1.862228e-08	1.898149e-08
1.598188e-08	1.633546e-08	1.668904e-08	1.704262e-08	1.739620e-08	1.774978e-08	1.810336e-08	1.845694e-08	1.881052e-08
1.573929e-08	1.610118e-08	1.646307e-08	1.682496e-08	1.718685e-08	1.754874e-08	1.791063e-08	1.827252e-08	1.863441e-08
1.562110e-08	1.598590e-08	1.635070e-08	1.671550e-08	1.708030e-08	1.744510e-08	1.780990e-08	1.817470e-08	1.853950e-08
1.556974e-08	1.592278e-08	1.627582e-08	1.662886e-08	1.698190e-08	1.733494e-08	1.768798e-08	1.804102e-08	1.839406e-08
1.557820e-08	1.594490e-08	1.631160e-08	1.667830e-08	1.704500e-08	1.741170e-08	1.777840e-08	1.814510e-08	1.851180e-08
1.535356e-08	1.570652e-08	1.605948e-08	1.641244e-08	1.676540e-08	1.711836e-08	1.747132e-08	1.782428e-08	1.817724e-08
1.523779e-08	1.560248e-08	1.596717e-08	1.633186e-08	1.669655e-08	1.706124e-08	1.742593e-08	1.779062e-08	1.815531e-08
1.499422e-08	1.535804e-08	1.572186e-08	1.608568e-08	1.644950e-08	1.681332e-08	1.717714e-08	1.754096e-08	1.790478e-08
1.497609e-08	1.533268e-08	1.568927e-08	1.604586e-08	1.640245e-08	1.675904e-08	1.711563e-08	1.747222e-08	1.782881e-08
1.484139e-08	1.519738e-08	1.555337e-08	1.590936e-08	1.626535e-08	1.662134e-08	1.697733e-08	1.733332e-08	1.768931e-08
1.475930e-08	1.512690e-08	1.549450e-08	1.586210e-08	1.622970e-08	1.659730e-08	1.696490e-08	1.733250e-08	1.770010e-08
1.468015e-08	1.504040e-08	1.540065e-08	1.576090e-08	1.612115e-08	1.648140e-08	1.684165e-08	1.720190e-08	1.756215e-08
1.446768e-08	1.483716e-08	1.520664e-08	1.557612e-08	1.594560e-08	1.631508e-08	1.668456e-08	1.705404e-08	1.742352e-08
1.452888e-08	1.489876e-08	1.526864e-08	1.563852e-08	1.600840e-08	1.637828e-08	1.674816e-08	1.711804e-08	1.748792e-08
1.432878e-08	1.470216e-08	1.507554e-08	1.544892e-08	1.582230e-08	1.619568e-08	1.656906e-08	1.694244e-08	1.731582e-08
1.427244e-08	1.463908e-08	1.500572e-08	1.537236e-08	1.573900e-08	1.610564e-08	1.647228e-08	1.683892e-08	1.720556e-08
1.409778e-08	1.444316e-08	1.478854e-08	1.513392e-08	1.547930e-08	1.582468e-08	1.617006e-08	1.651544e-08	1.686082e-08
1.399521e-08	1.435682e-08	1.471843e-08	1.508004e-08	1.544165e-08	1.580326e-08	1.616487e-08	1.652648e-08	1.688809e-08
1.395730e-08	1.430440e-08	1.465150e-08	1.499860e-08	1.534570e-08	1.569280e-08	1.603990e-08	1.638700e-08	1.673410e-08
1.380765e-08	1.416210e-08	1.451655e-08	1.487100e-08	1.522545e-08	1.557990e-08	1.593435e-08	1.628880e-08	1.664325e-08
1.372657e-08	1.409804e-08	1.446951e-08	1.484098e-08	1.521245e-08	1.558392e-08	1.595539e-08	1.632686e-08	1.669833e-08
1.359793e-08	1.396626e-08	1.433459e-08	1.470292e-08	1.507125e-08	1.543958e-08	1.580791e-08	1.617624e-08	1.654457e-08
1.339374e-08	1.376458e-08	1.413542e-08	1.450626e-08	1.487710e-08	1.524794e-08	1.561878e-08	1.598962e-08	1.636046e-08
1.329397e-08	1.365364e-08	1.401331e-08	1.437298e-08	1.473265e-08	1.509232e-08	1.545199e-08	1.581166e-08	1.617133e-08
1.321394e-08	1.359218e-08	1.397042e-08	1.434866e-08	1.472690e-08	1.510514e-08	1.548338e-08	1.586162e-08	1.623986e-08
1.310665e-08	1.346340e-08	1.382015e-08	1.417690e-08	1.453365e-08	1.489040e-08	1.524715e-08	1.560390e-08	1.596065e-08
1.302326e-08	1.341932e-08	1.381538e-08	1.421144e-08	1.460750e-08	1.500356e-08	1.539962e-08	1.579568e-08	1.619174e-08
1.288781e-08	1.325932e-08	1.363083e-08	1.400234e-08	1.437385e-08	1.474536e-08	1.511687e-08	1.548838e-08	1.585989e-08
1.279222e-08	1.318264e-08	1.357306e-08	1.396348e-08	1.435390e-08	1.474432e-08	1.513474e-08	1.552516e-08	1.591558e-08
1.274709e-08	1.309488e-08	1.344267e-08	1.379046e-08	1.413825e-08	1.448604e-08	1.483383e-08	1.518162e-08	1.552941e-08
1.270132e-08	1.305694e-08	1.341256e-08	1.376818e-08	1.412380e-08	1.447942e-08	1.483504e-08	1.519066e-08	1.554628e-08
1.252749e-08	1.289268e-08	1.325787e-08	1.362306e-08	1.398825e-08	1.435344e-08	1.471863e-08	1.508382e-08	1.544901e-08
1.240131e-08	1.277282e-08	1.314433e-08	1.351584e-08	1.388735e-08	1.425886e-08	1.463037e-08	1.500188e-08	1.537339e-08
1.237076e-08	1.271292e-08	1.305508e-08	1.339724e-08	1.373940e-08	1.408156e-08	1.442372e-08	1.476588e-08	1.510804e-08
1.223098e-08	1.260086e-08	1.297074e-08	1.334062e-08	1.371050e-08	1.408038e-08	1.445026e-08	1.482014e-08	1.519002e-08
1.214868e-08	1.250076e-08	1.285284e-08	1.320492e-08	1.355700e-08	1.390908e-08	1.426116e-08	1.461324e-08	1.496532e-08
1.203278e-08	1.239936e-08	1.276594e-08	1.313252e-08	1.349910e-08	1.386568e-08	1.423226e-08	1.459884e-08	1.496542e-08
1.193361e-08	1.230002e-08	1.266643e-08	1.303284e-08	1.339925e-08	1.376566e-08	1.413207e-08	1.449848e-08	1.486489e-08
1.180547e-08	1.217614e-08	1.254681e-08	1.291748e-08	1.328815e-08	1.365882e-08	1.402949e-08	1.440016e-08	1.477083e-08
1.178101e-08	1.214562e-08	1.251023e-08	1.287484e-08	1.323945e-08	1.360406e-08	1.396867e-08	1.433328e-08	1.469789e-08
1.166071e-08	1.201032e-08	1.235993e-08	1.270954e-08	1.305915e-08	1.340876e-08	1.375837e-08	1.410798e-08	1.445759e-08
1.163051e-08	1.200102e-08	1.237153e-08	1.274204e-08	1.311255e-08	1.348306e-08	1.385357e-08	1.422408e-08	1.459459e-08
1.150077e-08	1.184004e-08	1.217931e-08	1.251858e-08	1.285785e-08	1.319712e-08	1.353639e-08	1.387566e-08	1.421493e-08
1.145189e-08	1.180988e-08	1.216787e-08	1.252586e-08	1.288385e-08	1.324184e-08	1.359983e-08	1.395782e-08	1.431581e-08
1.140502e-08	1.176374e-08	1.212246e-08	1.248118e-08	1.283990e-08	1.319862e-08	1.355734e-08	1.391606e-08	1.427478e-08
1.120062e-08	1.156154e-08	1.192246e-08	1.228338e-08	1.264430e-08	1.300522e-08	1.336614e-08	1.372706e-08	1.408798e-08
1.106886e-08	1.142512e-08	1.178138e-08	1.213764e-08	1.249390e-08	1.285016e-08	1.320642e-08	1.356268e-08	1.391894e-08
1.095289e-08	1.130068e-08	1.164847e-08	1.199626e-08	1.234405e-08	1.269184e-08	1.303963e-08	1.338742e-08	1.373521e-08
1.092933e-08	1.128446e-08	1.163959e-08	1.199472e-08	1.234985e-08	1.270498e-08	1.306011e-08	1.341524e-08	1.377037e-08
1.082110e-08	1.118640e-08	1.155170e-08	1.191700e-08	1.228230e-08	1.264760e-08	1.301290e-08	1.337820e-08	1.374350e-08
1.078249e-08	1.113238e-08	1.148227e-08	1.183216e-08	1.218205e-08	1.253194e-08	1.288183e-08	1.323172e-08	1.358161e-08
1.069962e-08	1.102934e-08	1.135906e-08	1.168878e-08	1.201850e-08	1.234822e-08	1.267794e-08	1.300766e-08	1.333738e-08
1.065501e-08	1.097812e-08	1.130123e-08	1.162434e-08	1.194745e-08	1.227056e-08	1.259367e-08	1.291678e-08	1.323989e-08
1.053760e-08	1.088410e-08	1.123060e-08	1.157710e-08	1.192360e-08	1.227010e-08	1.261660e-08	1.296310e-08	1.330960e-08
1.042027e-08	1.076084e-08	1.110141e-08	1.144198e-08	1.178255e-08	1.212312e-08	1.246369e-08	1.280426e-08	1.314483e-08
1.035862e-08	1.073880e-08	1.111899e-08	1.149918e-08	1.187937e-08	1.225955e-08	1.263974e-08	1.301993e-08	1.340011e-08
1.023337e-08	1.059230e-08	1.095124e-08	1.131018e-08	1.166912e-08	1.202805e-08	1.238699e-08	1.274593e-08	1.310486e-08
1.014677e-08	1.049650e-08	1.084624e-08	1.119598e-08	1.154571e-08	1.189545e-08	1.224519e-08	1.259493e-08	1.294466e-08
1.016732e-08	1.047740e-08	1.078749e-08	1.109758e-08	1.140767e-08	1.171775e-08	1.202784e-08	1.233793e-08	1.264801e-08
9.999408e-09	1.033530e-08	1.067118e-08	1.100707e-08	1.134296e-08	1.167885e-08	1.201474e-08	1.235062e-08	1.268651e-08
9.857785e-09	1.020452e-08	1.055125e-08	1.089799e-08	1.124473e-08	1.159146e-08	1.193820e-08	1.228493e-08	1.263167e-08
9.853305e-09	1.018116e-08	1.050901e-08	1.083687e-08	1.116472e-08	1.149258e-08	1.182043e-08	1.214829e-08	1.247615e-08
9.795307e-09	1.011828e-08	1.044126e-08	1.076424e-08	1.108722e-08	1.141019e-08	1.173317e-08	1.205615e-08	1.237912e-08
9.811516e-09	1.012069e-08	1.042987e-08	1.073904e-08	1.104822e-08	1.135740e-08	1.166657e-08	1.197575e-08	1.228492e-08
9.602612e-09	9.925944e-09	1.024928e-08	1.057261e-08	1.089594e-08	1.121927e-08	1.154260e-08	1.186594e-08	1.218927e-08
9.541983e-09	9.876796e-09	1.021161e-08	1.054642e-08	1.088124e-08	1.121605e-08	1.155086e-08	1.188567e-08	1.222049e-08
9.404476e-09	9.751412e-09	1.009835e-08	1.044528e-08	1.079222e-08	1.113916e-08	1.148609e-08	1.183303e-08	1.217996e-08
9.373832e-09	9.710084e-09	1.004634e-08	1.038259e-08	1.071884e-08	1.105509e-08	1.139134e-08	1.172760e-08	1.206385e-08
9.294985e-09	9.627120e-09	9.959255e-09	1.029139e-08	1.062353e-08	1.095566e-08	1.128780e-08	1.161993e-08	1.195207e-08
9.133930e-09	9.463660e-09	9.793390e-09	1.012312e-08	1.045285e-08	1.078258e-08	1.111231e-08	1.144204e-08	1.177177e-08
9.120226e-09	9.450712e-09	9.781198e-09	1.011168e-08	1.044217e-08	1.077266e-08	1.110314e-08	1.143363e-08	1.176411e-08
9.044272e-09	9.373364e-09	9.702456e-09	1.003155e-08	1.036064e-08	1.068973e-08	1.101882e-08	1.134792e-08	1.167701e-08
9.025391e-09	9.359492e-09	9.693593e-09	1.002769e-08	1.036179e-08	1.069590e-08	1.103000e-08	1.136410e-08	1.169820e-08
8.952810e-09	9.264120e-09	9.575430e-09	9.886740e-09	1.019805e-08	1.050936e-08	1.082067e-08	1.113198e-08	1.144329e-08
8.862572e-09	9.197264e-09	9.531956e-09	9.866648e-09	1.020134e-08	1.053603e-08	1.087072e-08	1.120542e-08	1.154011e-08
8.761707e-09	9.090784e-09	9.419861e-09	9.748938e-09	1.007802e-08	1.040709e-08	1.073617e-08	1.106525e-08	1.139432e-08
8.733589e-09	9.050868e-09	9.368147e-09	9.685426e-09	1.000270e-08	1.031998e-08	1.063726e-08	1.095454e-08	1.127182e-08
8.683081e-09	8.993172e-09	9.303263e-09	9.613354e-09	9.923445e-09	1.023354e-08	1.054363e-08	1.085372e-08	1.116381e-08
8.532767e-09	8.862404e-09	9.192041e-09	9.521678e-09	9.851315e-09	1.018095e-08	1.051059e-08	1.084023e-08	1.116986e-08
8.440697e-09	8.768364e-09	9.096031e-09	9.423698e-09	9.751365e-09	1.007903e-08	1.040670e-08	1.073437e-08	1.106203e-08
8.441693e-09	8.749616e-09	9.057539e-09	9.365462e-09	9.673385e-09	9.981308e-09	1.028923e-08	1.059715e-08	1.090508e-08
8.357325e-09	8.684100e-09	9.010875e-09	9.337650e-09	9.664425e-09	9.991200e-09	1.031797e-08	1.064475e-08	1.097152e-08
8.326833e-09	8.639896e-09	8.952959e-09	9.266022e-09	9.579085e-09	9.892148e-09	1.020521e-08	1.051827e-08	1.083134e-08
8.334503e-09	8.641536e-09	8.948569e-09	9.255602e-09	9.562635e-09	9.869668e-09	1.017670e-08	1.048373e-08	1.079077e-08
8.056877e-09	8.368724e-09	8.680571e-09	8.992418e-09	9.304265e-09	9.616112e-09	9.927959e-09	1.023981e-08	1.055165e-08
8.136448e-09	8.440876e-09	8.745304e-09	9.049732e-09	9.354160e-09	9.658588e-09	9.963016e-09	1.026744e-08	1.057187e-08
8.024957e-09	8.338084e-09	8.651211e-09	8.964338e-09	9.277465e-09	9.590592e-09	9.903719e-09	1.021685e-08	1.052997e-08
7.965493e-09	8.269216e-09	8.572939e-09	8.876662e-09	9.180385e-09	9.484108e-09	9.787831e-09	1.009155e-08	1.039528e-08
7.877975e-09	8.197200e-09	8.516425e-09	8.835650e-09	9.154875e-09	9.474100e-09	9.793325e-09	1.011255e-08	1.043177e-08
7.887485e-09	8.191420e-09	8.495355e-09	8.799290e-09	9.103225e-09	9.407160e-09	9.711095e-09	1.001503e-08	1.031897e-08
7.779533e-09	8.092696e-09	8.405859e-09	8.719022e-09	9.032185e-09	9.345348e-09	9.658511e-09	9.971674e-09	1.028484e-08
7.724906e-09	8.054172e-09	8.383438e-09	8.712704e-09	9.041970e-09	9.371236e-09	9.700502e-09	1.002977e-08	1.035903e-08
7.629120e-09	7.933040e-09	8.236960e-09	8.540880e-09	8.844800e-09	9.148720e-09	9.452640e-09	9.756560e-09	1.006048e-08
7.628170e-09	7.936940e-09	8.245710e-09	8.554480e-09	8.863250e-09	9.172020e-09	9.480790e-09	9.789560e-09	1.009833e-08
7.488355e-09	7.798760e-09	8.109165e-09	8.419570e-09	8.729975e-09	9.040380e-09	9.350785e-09	9.661190e-09	9.971595e-09
7.517799e-09	7.799888e-09	8.081977e-09	8.364066e-09	8.646155e-09	8.928244e-09	9.210333e-09	9.492422e-09	9.774511e-09
7.380225e-09	7.681300e-09	7.982375e-09	8.283450e-09	8.584525e-09	8.885600e-09	9.186675e-09	9.487750e-09	9.788825e-09
7.355361e-09	7.659432e-09	7.963503e-09	8.267574e-09	8.571645e-09	8.875716e-09	9.179787e-09	9.483858e-09	9.787929e-09
7.297054e-09	7.585618e-09	7.874182e-09	8.162746e-09	8.451310e-09	8.739874e-09	9.028438e-09	9.317002e-09	9.605566e-09
7.227715e-09	7.521760e-09	7.815805e-09	8.109850e-09	8.403895e-09	8.697940e-09	8.991985e-09	9.286030e-09	9.580075e-09
7.131391e-09	7.440542e-09	7.749693e-09	8.058844e-09	8.367995e-09	8.677146e-09	8.986297e-09	9.295448e-09	9.604599e-09
7.115473e-09	7.402916e-09	7.690359e-09	7.977802e-09	8.265245e-09	8.552688e-09	8.840131e-09	9.127574e-09	9.415017e-09
7.127811e-09	7.407382e-09	7.686953e-09	7.966524e-09	8.246095e-09	8.525666e-09	8.805237e-09	9.084808e-09	9.364379e-09
6.996274e-09	7.301668e-09	7.607062e-09	7.912456e-09	8.217850e-09	8.523244e-09	8.828638e-09	9.134032e-09	9.439426e-09
6.922875e-09	7.217950e-09	7.513025e-09	7.808100e-09	8.103175e-09	8.398250e-09	8.693325e-09	8.988400e-09	9.283475e-09
6.885760e-09	7.175710e-09	7.465660e-09	7.755610e-09	8.045560e-09	8.335510e-09	8.625460e-09	8.915410e-09	9.205360e-09
6.769018e-09	7.057966e-09	7.346914e-09	7.635862e-09	7.924810e-09	8.213758e-09	8.502706e-09	8.791654e-09	9.080602e-09
6.739768e-09	7.042646e-09	7.345524e-09	7.648402e-09	7.951280e-09	8.254158e-09	8.557036e-09	8.859914e-09	9.162792e-09
6.748204e-09	7.024168e-09	7.300132e-09	7.576096e-09	7.852060e-09	8.128024e-09	8.403988e-09	8.679952e-09	8.955916e-09
6.679814e-09	6.971408e-09	7.263002e-09	7.554596e-09	7.846190e-09	8.137784e-09	8.429378e-09	8.720972e-09	9.012566e-09
6.551356e-09	6.844022e-09	7.136688e-09	7.429354e-09	7.722020e-09	8.014686e-09	8.307352e-09	8.600018e-09	8.892684e-09
6.529977e-09	6.811004e-09	7.092031e-09	7.373058e-09	7.654085e-09	7.935112e-09	8.216139e-09	8.497166e-09	8.778193e-09
6.490461e-09	6.779332e-09	7.068203e-09	7.357074e-09	7.645945e-09	7.934816e-09	8.223687e-09	8.512558e-09	8.801429e-09
6.412066e-09	6.691462e-09	6.970858e-09	7.250254e-09	7.529650e-09	7.809046e-09	8.088442e-09	8.367838e-09	8.647234e-09
6.405790e-09	6.684100e-09	6.962410e-09	7.240720e-09	7.519030e-09	7.797340e-09	8.075650e-09	8.353960e-09	8.632270e-09
6.400682e-09	6.673264e-09	6.945846e-09	7.218428e-09	7.491010e-09	7.763592e-09	8.036174e-09	8.308756e-09	8.581338e-09
6.331597e-09	6.614844e-09	6.898091e-09	7.181338e-09	7.464585e-09	7.747832e-09	8.031079e-09	8.314326e-09	8.597573e-09
6.311134e-09	6.582298e-09	6.853462e-09	7.124626e-09	7.395790e-09	7.666954e-09	7.938118e-09	8.209282e-09	8.480446e-09
6.220770e-09	6.508500e-09	6.796230e-09	7.083960e-09	7.371690e-09	7.659420e-09	7.947150e-09	8.234880e-09	8.522610e-09
6.095945e-09	6.373290e-09	6.650635e-09	6.927980e-09	7.205325e-09	7.482670e-09	7.760015e-09	8.037360e-09	8.314705e-09
6.097800e-09	6.379590e-09	6.661380e-09	6.943170e-09	7.224960e-09	7.506750e-09	7.788540e-09	8.070330e-09	8.352120e-09
6.027981e-09	6.312332e-09	6.596683e-09	6.881034e-09	7.165385e-09	7.449736e-09	7.734087e-09	8.018438e-09	8.302789e-09
6.062757e-09	6.341594e-09	6.620431e-09	6.899268e-09	7.178105e-09	7.456942e-09	7.735779e-09	8.014616e-09	8.293453e-09
5.877037e-09	6.160584e-09	6.444131e-09	6.727678e-09	7.011225e-09	7.294772e-09	7.578319e-09	7.861866e-09	8.145413e-09
5.884404e-09	6.138478e-09	6.392552e-09	6.646626e-09	6.900700e-09	7.154774e-09	7.408848e-09	7.662922e-09	7.916996e-09
5.847449e-09	6.108028e-09	6.368607e-09	6.629186e-09	6.889765e-09	7.150344e-09	7.410923e-09	7.671502e-09	7.932081e-09
5.851213e-09	6.122816e-09	6.394419e-09	6.666022e-09	6.937625e-09	7.209228e-09	7.480831e-09	7.752434e-09	8.024037e-09
5.830701e-09	6.085342e-09	6.339983e-09	6.594624e-09	6.849265e-09	7.103906e-09	7.358547e-09	7.613188e-09	7.867829e-09
5.838266e-09	6.105262e-09	6.372258e-09	6.639254e-09	6.906250e-09	7.173246e-09	7.440242e-09	7.707238e-09	7.974234e-09
5.653737e-09	5.925694e-09	6.197651e-09	6.469608e-09	6.741565e-09	7.013522e-09	7.285479e-09	7.557436e-09	7.829393e-09
5.580286e-09	5.841292e-09	6.102298e-09	6.363304e-09	6.624310e-09	6.885316e-09	7.146322e-09	7.407328e-09	7.668334e-09
5.573675e-09	5.831790e-09	6.089905e-09	6.348020e-09	6.606135e-09	6.864250e-09	7.122365e-09	7.380480e-09	7.638595e-09
5.502182e-09	5.759114e-09	6.016046e-09	6.272978e-09	6.529910e-09	6.786842e-09	7.043774e-09	7.300706e-09	7.557638e-09
5.466610e-09	5.721690e-09	5.976770e-09	6.231850e-09	6.486930e-09	6.742010e-09	6.997090e-09	7.252170e-09	7.507250e-09
5.426058e-09	5.672096e-09	5.918134e-09	6.164172e-09	6.410210e-09	6.656248e-09	6.902286e-09	7.148324e-09	7.394362e-09
5.336176e-09	5.595582e-09	5.854988e-09	6.114394e-09	6.373800e-09	6.633206e-09	6.892612e-09	7.152018e-09	7.411424e-09
5.355563e-09	5.619356e-09	5.883149e-09	6.146942e-09	6.410735e-09	6.674528e-09	6.938321e-09	7.202114e-09	7.465907e-09
5.281212e-09	5.545484e-09	5.809756e-09	6.074028e-09	6.338300e-09	6.602572e-09	6.866844e-09	7.131116e-09	7.395388e-09
5.256713e-09	5.524886e-09	5.793059e-09	6.061232e-09	6.329405e-09	6.597578e-09	6.865751e-09	7.133924e-09	7.402097e-09
5.267857e-09	5.508094e-09	5.748331e-09	5.988568e-09	6.228805e-09	6.469042e-09	6.709279e-09	6.949516e-09	7.189753e-09
5.074817e-09	5.335514e-09	5.596211e-09	5.856908e-09	6.117605e-09	6.378302e-09	6.638999e-09	6.899696e-09	7.160393e-09
5.162004e-09	5.424018e-09	5.686032e-09	5.948046e-09	6.210060e-09	6.472074e-09	6.734088e-09	6.996102e-09	7.258116e-09
5.064519e-09	5.316988e-09	5.569457e-09	5.821926e-09	6.074395e-09	6.326864e-09	6.579333e-09	6.831802e-09	7.084271e-09
4.981311e-09	5.249952e-09	5.518593e-09	5.787234e-09	6.055875e-09	6.324516e-09	6.593157e-09	6.861798e-09	7.130439e-09
4.939637e-09	5.198844e-09	5.458051e-09	5.717258e-09	5.976465e-09	6.235672e-09	6.494879e-09	6.754086e-09	7.013293e-09
4.943392e-09	5.199374e-09	5.455356e-09	5.711338e-09	5.967320e-09	6.223302e-09	6.479284e-09	6.735266e-09	6.991248e-09
4.921942e-09	5.168764e-09	5.415586e-09	5.662408e-09	5.909230e-09	6.156052e-09	6.402874e-09	6.649696e-09	6.896518e-09
4.830869e-09	5.082178e-09	5.333487e-09	5.584796e-09	5.836105e-09	6.087414e-09	6.338723e-09	6.590032e-09	6.841341e-09
4.818921e-09	5.064812e-09	5.310703e-09	5.556594e-09	5.802485e-09	6.048376e-09	6.294267e-09	6.540158e-09	6.786049e-09
4.724990e-09	4.977530e-09	5.230070e-09	5.482610e-09	5.735150e-09	5.987690e-09	6.240230e-09	6.492770e-09	6.745310e-09
4.730751e-09	4.988202e-09	5.245653e-09	5.503104e-09	5.760555e-09	6.018006e-09	6.275457e-09	6.532908e-09	6.790359e-09
4.710337e-09	4.955704e-09	5.201071e-09	5.446438e-09	5.691805e-09	5.937172e-09	6.182539e-09	6.427906e-09	6.673273e-09
4.618171e-09	4.863762e-09	5.109353e-09	5.354944e-09	5.600535e-09	5.846126e-09	6.091717e-09	6.337308e-09	6.582899e-09
4.606801e-09	4.870672e-09	5.134543e-09	5.398414e-09	5.662285e-09	5.926156e-09	6.190027e-09	6.453898e-09	6.717769e-09
4.612780e-09	4.863880e-09	5.114980e-09	5.366080e-09	5.617180e-09	5.868280e-09	6.119380e-09	6.370480e-09	6.621580e-09
4.478765e-09	4.731380e-09	4.983995e-09	5.236610e-09	5.489225e-09	5.741840e-09	5.994455e-09	6.247070e-09	6.499685e-09
4.424230e-09	4.663380e-09	4.902530e-09	5.141680e-09	5.380830e-09	5.619980e-09	5.859130e-09	6.098280e-09	6.337430e-09
4.422179e-09	4.662788e-09	4.903397e-09	5.144006e-09	5.384615e-09	5.625224e-09	5.865833e-09	6.106442e-09	6.347051e-09
4.413188e-09	4.662136e-09	4.911084e-09	5.160032e-09	5.408980e-09	5.657928e-09	5.906876e-09	6.155824e-09	6.404772e-09
4.390207e-09	4.639764e-09	4.889321e-09	5.138878e-09	5.388435e-09	5.637992e-09	5.887549e-09	6.137106e-09	6.386663e-09
4.335533e-09	4.580366e-09	4.825199e-09	5.070032e-09	5.314865e-09	5.559698e-09	5.804531e-09	6.049364e-09	6.294197e-09
4.283241e-09	4.521952e-09	4.760663e-09	4.999374e-09	5.238085e-09	5.476796e-09	5.715507e-09	5.954218e-09	6.192929e-09
4.169937e-09	4.414804e-09	4.659671e-09	4.904538e-09	5.149405e-09	5.394272e-09	5.639139e-09	5.884006e-09	6.128873e-09
4.214438e-09	4.458196e-09	4.701954e-09	4.945712e-09	5.189470e-09	5.433228e-09	5.676986e-09	5.920744e-09	6.164502e-09
4.119149e-09	4.366888e-09	4.614627e-09	4.862366e-09	5.110105e-09	5.357844e-09	5.605583e-09	5.853322e-09	6.101061e-09
4.024488e-09	4.272756e-09	4.521024e-09	4.769292e-09	5.017560e-09	5.265828e-09	5.514096e-09	5.762364e-09	6.010632e-09
4.135567e-09	4.378614e-09	4.621661e-09	4.864708e-09	5.107755e-09	5.350802e-09	5.593849e-09	5.836896e-09	6.079943e-09
3.999478e-09	4.244286e-09	4.489094e-09	4.733902e-09	4.978710e-09	5.223518e-09	5.468326e-09	5.713134e-09	5.957942e-09
4.028130e-09	4.275980e-09	4.523830e-09	4.771680e-09	5.019530e-09	5.267380e-09	5.515230e-09	5.763080e-09	6.010930e-09
3.935655e-09	4.178610e-09	4.421565e-09	4.664520e-09	4.907475e-09	5.150430e-09	5.393385e-09	5.636340e-09	5.879295e-09
3.894872e-09	4.148634e-09	4.402396e-09	4.656158e-09	4.909920e-09	5.163682e-09	5.417444e-09	5.671206e-09	5.924968e-09
3.843430e-09	4.083120e-09	4.322810e-09	4.562500e-09	4.802190e-09	5.041880e-09	5.281570e-09	5.521260e-09	5.760950e-09
3.827068e-09	4.073436e-09	4.319804e-09	4.566172e-09	4.812540e-09	5.058908e-09	5.305276e-09	5.551644e-09	5.798012e-09
3.855982e-09	4.087454e-09	4.318926e-09	4.550398e-09	4.781870e-09	5.013342e-09	5.244814e-09	5.476286e-09	5.707758e-09
3.743437e-09	3.984904e-09	4.226371e-09	4.467838e-09	4.709305e-09	4.950772e-09	5.192239e-09	5.433706e-09	5.675173e-09
3.725066e-09	3.959192e-09	4.193318e-09	4.427444e-09	4.661570e-09	4.895696e-09	5.129822e-09	5.363948e-09	5.598074e-09
3.765798e-09	4.007016e-09	4.248234e-09	4.489452e-09	4.730670e-09	4.971888e-09	5.213106e-09	5.454324e-09	5.695542e-09
3.656555e-09	3.889790e-09	4.123025e-09	4.356260e-09	4.589495e-09	4.822730e-09	5.055965e-09	5.289200e-09	5.522435e-09
3.601686e-09	3.835962e-09	4.070238e-09	4.304514e-09	4.538790e-09	4.773066e-09	5.007342e-09	5.241618e-09	5.475894e-09
3.585527e-09	3.810584e-09	4.035641e-09	4.260698e-09	4.485755e-09	4.710812e-09	4.935869e-09	5.160926e-09	5.385983e-09
3.548566e-09	3.780282e-09	4.011998e-09	4.243714e-09	4.475430e-09	4.707146e-09	4.938862e-09	5.170578e-09	5.402294e-09
3.510480e-09	3.741830e-09	3.973180e-09	4.204530e-09	4.435880e-09	4.667230e-09	4.898580e-09	5.129930e-09	5.361280e-09
3.459213e-09	3.694036e-09	3.928859e-09	4.163682e-09	4.398505e-09	4.633328e-09	4.868151e-09	5.102974e-09	5.337797e-09
3.456756e-09	3.680922e-09	3.905088e-09	4.129254e-09	4.353420e-09	4.577586e-09	4.801752e-09	5.025918e-09	5.250084e-09
3.385129e-09	3.623208e-09	3.861287e-09	4.099366e-09	4.337445e-09	4.575524e-09	4.813603e-09	5.051682e-09	5.289761e-09
3.411104e-09	3.652688e-09	3.894272e-09	4.135856e-09	4.377440e-09	4.619024e-09	4.860608e-09	5.102192e-09	5.343776e-09
3.342137e-09	3.566394e-09	3.790651e-09	4.014908e-09	4.239165e-09	4.463422e-09	4.687679e-09	4.911936e-09	5.136193e-09
3.303977e-09	3.526284e-09	3.748591e-09	3.970898e-09	4.193205e-09	4.415512e-09	4.637819e-09	4.860126e-09	5.082433e-09
3.265551e-09	3.492822e-09	3.720093e-09	3.947364e-09	4.174635e-09	4.401906e-09	4.629177e-09	4.856448e-09	5.083719e-09
3.240440e-09	3.464210e-09	3.687980e-09	3.911750e-09	4.135520e-09	4.359290e-09	4.583060e-09	4.806830e-09	5.030600e-09
3.202529e-09	3.438828e-09	3.675127e-09	3.911426e-09	4.147725e-09	4.384024e-09	4.620323e-09	4.856622e-09	5.092921e-09
3.193227e-09	3.422814e-09	3.652401e-09	3.881988e-09	4.111575e-09	4.341162e-09	4.570749e-09	4.800336e-09	5.029923e-09
3.111085e-09	3.339480e-09	3.567875e-09	3.796270e-09	4.024665e-09	4.253060e-09	4.481455e-09	4.709850e-09	4.938245e-09
3.132054e-09	3.356358e-09	3.580662e-09	3.804966e-09	4.029270e-09	4.253574e-09	4.477878e-09	4.702182e-09	4.926486e-09
3.054078e-09	3.285926e-09	3.517774e-09	3.749622e-09	3.981470e-09	4.213318e-09	4.445166e-09	4.677014e-09	4.908862e-09
3.060299e-09	3.282438e-09	3.504577e-09	3.726716e-09	3.948855e-09	4.170994e-09	4.393133e-09	4.615272e-09	4.837411e-09
2.998854e-09	3.237738e-09	3.476622e-09	3.715506e-09	3.954390e-09	4.193274e-09	4.432158e-09	4.671042e-09	4.909926e-09
2.968422e-09	3.196474e-09	3.424526e-09	3.652578e-09	3.880630e-09	4.108682e-09	4.336734e-09	4.564786e-09	4.792838e-09
2.968169e-09	3.191718e-09	3.415267e-09	3.638816e-09	3.862365e-09	4.085914e-09	4.309463e-09	4.533012e-09	4.756561e-09
2.909750e-09	3.145120e-09	3.380490e-09	3.615860e-09	3.851230e-09	4.086600e-09	4.321970e-09	4.557340e-09	4.792710e-09
2.862802e-09	3.090824e-09	3.318846e-09	3.546868e-09	3.774890e-09	4.002912e-09	4.230934e-09	4.458956e-09	4.686978e-09
2.839472e-09	3.070464e-09	3.301456e-09	3.532448e-09	3.763440e-09	3.994432e-09	4.225424e-09	4.456416e-09	4.687408e-09
2.802890e-09	3.032520e-09	3.262150e-09	3.491780e-09	3.721410e-09	3.951040e-09	4.180670e-09	4.410300e-09	4.639930e-09
2.782150e-09	3.011710e-09	3.241270e-09	3.470830e-09	3.700390e-09	3.929950e-09	4.159510e-09	4.389070e-09	4.618630e-09
2.726398e-09	2.951756e-09	3.177114e-09	3.402472e-09	3.627830e-09	3.853188e-09	4.078546e-09	4.303904e-09	4.529262e-09
2.677917e-09	2.907914e-09	3.137911e-09	3.367908e-09	3.597905e-09	3.827902e-09	4.057899e-09	4.287896e-09	4.517893e-09
2.677226e-09	2.900732e-09	3.124238e-09	3.347744e-09	3.571250e-09	3.794756e-09	4.018262e-09	4.241768e-09	4.465274e-09
2.629104e-09	2.866758e-09	3.104412e-09	3.342066e-09	3.579720e-09	3.817374e-09	4.055028e-09	4.292682e-09	4.530336e-09
2.594555e-09	2.831550e-09	3.068545e-09	3.305540e-09	3.542535e-09	3.779530e-09	4.016525e-09	4.253520e-09	4.490515e-09
2.579136e-09	2.794942e-09	3.010748e-09	3.226554e-09	3.442360e-09	3.658166e-09	3.873972e-09	4.089778e-09	4.305584e-09
2.518676e-09	2.744442e-09	2.970208e-09	3.195974e-09	3.421740e-09	3.647506e-09	3.873272e-09	4.099038e-09	4.324804e-09
2.505606e-09	2.732782e-09	2.959958e-09	3.187134e-09	3.414310e-09	3.641486e-09	3.868662e-09	4.095838e-09	4.323014e-09
2.502472e-09	2.715344e-09	2.928216e-09	3.141088e-09	3.353960e-09	3.566832e-09	3.779704e-09	3.992576e-09	4.205448e-09
2.441233e-09	2.658386e-09	2.875539e-09	3.092692e-09	3.309845e-09	3.526998e-09	3.744151e-09	3.961304e-09	4.178457e-09
2.444356e-09	2.650052e-09	2.855748e-09	3.061444e-09	3.267140e-09	3.472836e-09	3.678532e-09	3.884228e-09	4.089924e-09
2.385525e-09	2.613910e-09	2.842295e-09	3.070680e-09	3.299065e-09	3.527450e-09	3.755835e-09	3.984220e-09	4.212605e-09
2.338769e-09	2.552498e-09	2.766227e-09	2.979956e-09	3.193685e-09	3.407414e-09	3.621143e-09	3.834872e-09	4.048601e-09
2.328847e-09	2.548304e-09	2.767761e-09	2.987218e-09	3.206675e-09	3.426132e-09	3.645589e-09	3.865046e-09	4.084503e-09
2.285322e-09	2.519184e-09	2.753046e-09	2.986908e-09	3.220770e-09	3.454632e-09	3.688494e-09	3.922356e-09	4.156218e-09
2.262126e-09	2.474902e-09	2.687678e-09	2.900454e-09	3.113230e-09	3.326006e-09	3.538782e-09	3.751558e-09	3.964334e-09
2.187445e-09	2.410710e-09	2.633975e-09	2.857240e-09	3.080505e-09	3.303770e-09	3.527035e-09	3.750300e-09	3.973565e-09
2.215747e-09	2.435094e-09	2.654441e-09	2.873788e-09	3.093135e-09	3.312482e-09	3.531829e-09	3.751176e-09	3.970523e-09
2.161990e-09	2.383940e-09	2.605890e-09	2.827840e-09	3.049790e-09	3.271740e-09	3.493690e-09	3.715640e-09	3.937590e-09
2.118444e-09	2.339738e-09	2.561032e-09	2.782326e-09	3.003620e-09	3.224914e-09	3.446208e-09	3.667502e-09	3.888796e-09
2.095865e-09	2.313640e-09	2.531415e-09	2.749190e-09	2.966965e-09	3.184740e-09	3.402515e-09	3.620290e-09	3.838065e-09
2.067922e-09	2.289094e-09	2.510266e-09	2.731438e-09	2.952610e-09	3.173782e-09	3.394954e-09	3.616126e-09	3.837298e-09
2.058940e-09	2.272490e-09	2.486040e-09	2.699590e-09	2.913140e-09	3.126690e-09	3.340240e-09	3.553790e-09	3.767340e-09
2.060610e-09	2.280510e-09	2.500410e-09	2.720310e-09	2.940210e-09	3.160110e-09	3.380010e-09	3.599910e-09	3.819810e-09
1.976816e-09	2.196572e-09	2.416328e-09	2.636084e-09	2.855840e-09	3.075596e-09	3.295352e-09	3.515108e-09	3.734864e-09
1.981455e-09	2.195590e-09	2.409725e-09	2.623860e-09	2.837995e-09	3.052130e-09	3.266265e-09	3.480400e-09	3.694535e-09
1.940372e-09	2.160484e-09	2.380596e-09	2.600708e-09	2.820820e-09	3.040932e-09	3.261044e-09	3.481156e-09	3.701268e-09
1.895778e-09	2.114196e-09	2.332614e-09	2.551032e-09	2.769450e-09	2.987868e-09	3.206286e-09	3.424704e-09	3.643122e-09
1.863013e-09	2.089726e-09	2.316439e-09	2.543152e-09	2.769865e-09	2.996578e-09	3.223291e-09	3.450004e-09	3.676717e-09
1.818872e-09	2.030914e-09	2.242956e-09	2.454998e-09	2.667040e-09	2.879082e-09	3.091124e-09	3.303166e-09	3.515208e-09
1.823752e-09	2.037404e-09	2.251056e-09	2.464708e-09	2.678360e-09	2.892012e-09	3.105664e-09	3.319316e-09	3.532968e-09
1.753250e-09	1.974510e-09	2.195770e-09	2.417030e-09	2.638290e-09	2.859550e-09	3.080810e-09	3.302070e-09	3.523330e-09
1.728118e-09	1.941646e-09	2.155174e-09	2.368702e-09	2.582230e-09	2.795758e-09	3.009286e-09	3.222814e-09	3.436342e-09
1.722999e-09	1.940228e-09	2.157457e-09	2.374686e-09	2.591915e-09	2.809144e-09	3.026373e-09	3.243602e-09	3.460831e-09
1.683688e-09	1.905646e-09	2.127604e-09	2.349562e-09	2.571520e-09	2.793478e-09	3.015436e-09	3.237394e-09	3.459352e-09
1.636021e-09	1.856012e-09	2.076003e-09	2.295994e-09	2.515985e-09	2.735976e-09	2.955967e-09	3.175958e-09	3.395949e-09
1.654387e-09	1.862854e-09	2.071321e-09	2.279788e-09	2.488255e-09	2.696722e-09	2.905189e-09	3.113656e-09	3.322123e-09
1.554025e-09	1.779530e-09	2.005035e-09	2.230540e-09	2.456045e-09	2.681550e-09	2.907055e-09	3.132560e-09	3.358065e-09
1.564439e-09	1.788918e-09	2.013397e-09	2.237876e-09	2.462355e-09	2.686834e-09	2.911313e-09	3.135792e-09	3.360271e-09
1.505687e-09	1.730044e-09	1.954401e-09	2.178758e-09	2.403115e-09	2.627472e-09	2.851829e-09	3.076186e-09	3.300543e-09
1.440355e-09	1.665950e-09	1.891545e-09	2.117140e-09	2.342735e-09	2.568330e-09	2.793925e-09	3.019520e-09	3.245115e-09
1.489671e-09	1.705522e-09	1.921373e-09	2.137224e-09	2.353075e-09	2.568926e-09	2.784777e-09	3.000628e-09	3.216479e-09
1.436610e-09	1.656570e-09	1.876530e-09	2.096490e-09	2.316450e-09	2.536410e-09	2.756370e-09	2.976330e-09	3.196290e-09
1.402885e-09	1.626190e-09	1.849495e-09	2.072800e-09	2.296105e-09	2.519410e-09	2.742715e-09	2.966020e-09	3.189325e-09
1.368626e-09	1.583672e-09	1.798718e-09	2.013764e-09	2.228810e-09	2.443856e-09	2.658902e-09	2.873948e-09	3.088994e-09
1.346893e-09	1.570926e-09	1.794959e-09	2.018992e-09	2.243025e-09	2.467058e-09	2.691091e-09	2.915124e-09	3.139157e-09
1.293868e-09	1.524686e-09	1.755504e-09	1.986322e-09	2.217140e-09	2.447958e-09	2.678776e-09	2.909594e-09	3.140412e-09
1.295077e-09	1.509794e-09	1.724511e-09	1.939228e-09	2.153945e-09	2.368662e-09	2.583379e-09	2.798096e-09	3.012813e-09
1.232707e-09	1.460264e-09	1.687821e-09	1.915378e-09	2.142935e-09	2.370492e-09	2.598049e-09	2.825606e-09	3.053163e-09
1.210027e-09	1.435158e-09	1.660290e-09	1.885421e-09	2.110553e-09	2.335684e-09	2.560816e-09	2.785947e-09	3.011078e-09
1.177164e-09	1.402257e-09	1.627350e-09	1.852443e-09	2.077535e-09	2.302628e-09	2.527721e-09	2.752814e-09	2.977907e-09
1.120309e-09	1.345043e-09	1.569778e-09	1.794512e-09	2.019247e-09	2.243982e-09	2.468716e-09	2.693451e-09	2.918185e-09
1.100825e-09	1.335570e-09	1.570315e-09	1.805060e-09	2.039805e-09	2.274550e-09	2.509295e-09	2.744040e-09	2.978785e-09
1.072194e-09	1.304614e-09	1.537033e-09	1.769453e-09	2.001873e-09	2.234292e-09	2.466711e-09	2.699131e-09	2.931551e-09
1.026767e-09	1.254163e-09	1.481559e-09	1.708955e-09	1.936350e-09	2.163746e-09	2.391142e-09	2.618538e-09	2.845934e-09
9.824253e-10	1.209654e-09	1.436882e-09	1.664110e-09	1.891339e-09	2.118567e-09	2.345795e-09	2.573023e-09	2.800252e-09
9.604855e-10	1.194236e-09	1.427986e-09	1.661737e-09	1.895488e-09	2.129238e-09	2.362988e-09	2.596739e-09	2.830490e-09
9.293415e-10	1.153808e-09	1.378275e-09	1.602741e-09	1.827208e-09	2.051674e-09	2.276141e-09	2.500607e-09	2.725074e-09
8.925829e-10	1.120645e-09	1.348707e-09	1.576769e-09	1.804831e-09	2.032892e-09	2.260954e-09	2.489016e-09	2.717078e-09
8.471825e-10	1.082070e-09	1.316957e-09	1.551845e-09	1.786733e-09	2.021620e-09	2.256507e-09	2.491395e-09	2.726283e-09
7.881753e-10	1.024924e-09	1.261672e-09	1.498420e-09	1.735168e-09	1.971917e-09	2.208665e-09	2.445413e-09	2.682162e-09
7.874294e-10	1.020803e-09	1.254176e-09	1.487550e-09	1.720923e-09	1.954296e-09	2.187670e-09	2.421043e-09	2.654417e-09
7.348046e-10	9.762852e-10	1.217766e-09	1.459246e-09	1.700727e-09	1.942208e-09	2.183688e-09	2.425169e-09	2.666649e-09
6.725854e-10	9.241148e-10	1.175644e-09	1.427174e-09	1.678703e-09	1.930232e-09	2.181762e-09	2.433291e-09	2.684821e-09
6.437210e-10	8.822020e-10	1.120683e-09	1.359164e-09	1.597645e-09	1.836126e-09	2.074607e-09	2.313088e-09	2.551569e-09
6.065758e-10	8.452996e-10	1.084023e-09	1.322747e-09	1.561471e-09	1.800195e-09	2.038919e-09	2.277642e-09	2.516366e-09
5.484630e-10	7.995260e-10	1.050589e-09	1.301652e-09	1.552715e-09	1.803778e-09	2.054841e-09	2.305904e-09	2.556967e-09
5.083450e-10	7.573700e-10	1.006395e-09	1.255420e-09	1.504445e-09	1.753470e-09	2.002495e-09	2.251520e-09	2.500545e-09
4.522126e-10	7.048612e-10	9.575098e-10	1.210158e-09	1.462807e-09	1.715456e-09	1.968104e-09	2.220753e-09	2.473401e-09
4.307887e-10	6.864344e-10	9.420801e-10	1.197726e-09	1.453371e-09	1.709017e-09	1.964663e-09	2.220309e-09	2.475954e-09
3.600453e-10	6.011336e-10	8.422219e-10	1.083310e-09	1.324399e-09	1.565487e-09	1.806575e-09	2.047663e-09	2.288752e-09
3.943794e-10	6.390586e-10	8.837377e-10	1.128417e-09	1.373096e-09	1.617775e-09	1.862454e-09	2.107133e-09	2.351813e-09
3.699115e-10	6.145907e-10	8.592698e-10	1.103949e-09	1.348628e-09	1.593307e-09	1.837986e-09	2.082666e-09	2.327345e-09
3.454436e-10	5.901228e-10	8.348019e-10	1.079481e-09	1.324160e-09	1.568839e-09	1.813518e-09	2.058198e-09	2.302877e-09
3.209757e-10	5.656548e-10	8.103340e-10	1.055013e-09	1.299692e-09	1.544371e-09	1.789051e-09	2.033730e-09	2.278409e-09
2.965078e-10	5.411869e-10	7.858661e-10	1.030545e-09	1.275224e-09	1.519904e-09	1.764583e-09	2.009262e-09	2.253941e-09
2.720399e-10	5.167190e-10	7.613982e-10	1.006077e-09	1.250756e-09	1.495436e-09	1.740115e-09	1.984794e-09	2.229473e-09
2.475720e-10	4.922511e-10	7.369302e-10	9.816094e-10	1.226289e-09	1.470968e-09	1.715647e-09	1.960326e-09	2.205005e-09
2.231040e-10	4.677832e-10	7.124623e-10	9.571415e-10	1.201821e-09	1.446500e-09	1.691179e-09	1.935858e-09	2.180537e-09
1.986361e-10	4.433153e-10	6.879944e-10	9.326736e-10	1.177353e-09	1.422032e-09	1.666711e-09	1.911390e-09	2.156069e-09
1.741682e-10	4.188474e-10	6.635265e-10	9.082057e-10	1.152885e-09	1.397564e-09	1.642243e-09	1.886922e-09	2.131601e-09
1.000000e-35	3.943794e-10	6.390586e-10	8.837377e-10	1.128417e-09	1.373096e-09	1.617775e-09	1.862454e-09	2.107133e-09
1.000000e-35	3.699115e-10	6.145907e-10	8.592698e-10	1.103949e-09	1.348628e-09	1.593307e-09	1.837986e-09	2.082666e-09
1.000000e-35	3.454436e-10	5.901228e-10	8.348019e-10	1.079481e-09	1.324160e-09	1.568839e-09	1.813518e-09	2.058198e-09
1.000000e-35	3.209757e-10	5.656548e-10	8.103340e-10	1.055013e-09	1.299692e-09	1.544371e-09	1.789051e-09	2.033730e-09
1.000000e-35	2.965078e-10	5.411869e-10	7.858661e-10	1.030545e-09	1.275224e-09	1.519904e-09	1.764583e-09	2.009262e-09
1.000000e-35	2.720399e-10	5.167190e-10	7.613982e-10	1.006077e-09	1.250756e-09	1.495436e-09	1.740115e-09	1.984794e-09
1.000000e-35	2.475720e-10	4.922511e-10	7.369302e-10	9.816094e-10	1.226289e-09	1.470968e-09	1.715647e-09	1.960326e-09
1.000000e-35	2.231040e-10	4.677832e-10	7.124623e-10	9.571415e-10	1.201821e-09	1.446500e-09	1.691179e-09	1.935858e-09
1.000000e-35	1.986361e-10	4.433153e-10	6.879944e-10	9.326736e-10	1.177353e-09	1.422032e-09	1.666711e-09	1.911390e-09
1.000000e-35	1.741682e-10	4.188474e-10	6.635265e-10	9.082057e-10	1.152885e-09	1.397564e-09	1.642243e-09	1.886922e-09
1.000000e-35	1.000000e-35	3.943794e-10	6.390586e-10	8.837377e-10	1.128417e-09	1.373096e-09	1.617775e-09	1.862454e-09
1.000000e-35	1.000000e-35	3.699115e-10	6.145907e-10	8.592698e-10	1.103949e-09	1.348628e-09	1.593307e-09	1.837986e-09
1.000000e-35	1.000000e-35	3.454436e-10	5.901228e-10	8.348019e-10	1.079481e-09	1.324160e-09	1.568839e-09	1.813518e-09
1.000000e-35	1.000000e-35	3.209757e-10	5.656548e-10	8.103340e-10	1.055013e-09	1.299692e-09	1.544371e-09	1.789051e-09
1.000000e-35	1.000000e-35	2.965078e-10	5.411869e-10	7.858661e-10	1.030545e-09	1.275224e-09	1.519904e-09	1.764583e-09
1.000000e-35	1.000000e-35	2.720399e-10	5.167190e-10	7.613982e-10	1.006077e-09	1.250756e-09	1.495436e-09	1.740115e-09
1.000000e-35	1.000000e-35	2.475720e-10	4.922511e-10	7.369302e-10	9.816094e-10	1.226289e-09	1.470968e-09	1.715647e-09
1.000000e-35	1.000000e-35	2.231040e-10	4.677832e-10	7.124623e-10	9.571415e-10	1.201821e-09	1.446500e-09	1.691179e-09
1.000000e-35	1.000000e-35	1.986361e-10	4.433153e-10	6.879944e-10	9.326736e-10	1.177353e-09	1.422032e-09	1.666711e-09
1.000000e-35	1.000000e-35	1.741682e-10	4.188474e-10	6.635265e-10	9.082057e-10	1.152885e-09	1.397564e-09	1.642243e-09
1.000000e-35	1.000000e-35	1.000000e-35	3.943794e-10	6.390586e-10	8.837377e-10	1.128417e-09	1.373096e-09	1.617775e-09
1.000000e-35	1.000000e-35	1.000000e-35	3.699115e-10	6.145907e-10	8.592698e-10	1.103949e-09	1.348628e-09	1.593307e-09
1.000000e-35	1.000000e-35	1.000000e-35	3.454436e-10	5.901228e-10	8.348019e-10	1.079481e-09	1.324160e-09	1.568839e-09
1.000000e-35	1.000000e-35	1.000000e-35	3.209757e-10	5.656548e-10	8.103340e-10	1.055013e-09	1.299692e-09	1.544371e-09
1.000000e-35	1.000000e-35	1.000000e-35	2.965078e-10	5.411869e-10	7.858661e-10	1.030545e-09	1.275224e-09	1.519904e-09
1.000000e-35	1.000000e-35	1.000000e-35	2.720399e-10	5.167190e-10	7.613982e-10	1.006077e-09	1.250756e-09	1.495436e-09
1.000000e-35	1.000000e-35	1.000000e-35	2.475720e-10	4.922511e-10	7.369302e-10	9.816094e-10	1.226289e-09	1.470968e-09
1.000000e-35	1.000000e-35	1.000000e-35	2.231040e-10	4.677832e-10	7.124623e-10	9.571415e-10	1.201821e-09	1.446500e-09
1.000000e-35	1.000000e-35	1.000000e-35	1.986361e-10	4.433153e-10	6.879944e-10	9.326736e-10	1.177353e-09	1.422032e-09
1.000000e-35	1.000000e-35	1.000000e-35	1.741682e-10	4.188474e-10	6.635265e-10	9.082057e-10	1.152885e-09	1.397564e-09
1.000000e-35	1.000000e-35	1.000000e-35	1.000000e-35	3.943794e-10	6.390586e-10	8.837377e-10	1.128417e-09	1.373096e-09
1.000000e-35	1.000000e-35	1.000000e-35	1.000000e-35	3.699115e-10	6.145907e-10	8.592698e-10	1.103949e-09	1.348628e-09
1.000000e-35	1.000000e-35	1.000000e-35	1.000000e-35	3.454436e-10	5.901228e-10	8.348019e-10	1.079481e-09	1.324160e-09
1.000000e-35	1.000000e-35	1.000000e-35	1.000000e-35	3.209757e-10	5.656548e-10	8.103340e-10	1.055013e-09	1.299692e-09
1.000000e-35	1.000000e-35	1.000000e-35	1.000000e-35	2.965078e-10	5.411869e-10	7.858661e-10	1.030545e-09	1.275224e-09
1.000000e-35	1.000000e-35	1.000000e-35	1.000000e-35	2.720399e-10	5.167190e-10	7.613982e-10	1.006077e-09	1.250756e-09
1.000000e-35	1.000000e-35	1.000000e-35	1.000000e-35	2.475720e-10	4.922511e-10	7.369302e-10	9.816094e-10	1.226289e-09
1.000000e-35	1.000000e-35	1.000000e-35	1.000000e-35	2.231040e-10	4.677832e-10	7.124623e-10	9.571415e-10	1.201821e-09
1.000000e-35	1.000000e-35	1.000000e-35	1.000000e-35	1.986361e-10	4.433153e-10	6.879944e-10	9.326736e-10	1.177353e-09
1.000000e-35	1.000000e-35	1.000000e-35	1.000000e-35	1.741682e-10	4.188474e-10	6.635265e-10	9.082057e-10	1.152885e-09
1.000000e-35	1.000000e-35	1.000000e-35	1.000000e-35	1.000000e-35	3.943794e-10	6.390586e-10	8.837377e-10	1.128417e-09
1.000000e-35	1.000000e-35	1.000000e-35	1.000000e-35	1.000000e-35	3.699115e-10	6.145907e-10	8.592698e-10	1.103949e-09
1.000000e-35	1.000000e-35	1.000000e-35	1.000000e-35	1.000000e-35	3.454436e-10	5.901228e-10	8.348019e-10	1.079481e-09
1.000000e-35	1.000000e-35	1.000000e-35	1.000000e-35	1.000000e-35	3.209757e-10	5.656548e-10	8.103340e-10	1.055013e-09
1.000000e-35	1.000000e-35	1.000000e-35	1.000000e-35	1.000000e-35	2.965078e-10	5.411869e-10	7.858661e-10	1.030545e-09
1.000000e-35	1.000000e-35	1.000000e-35	1.000000e-35	1.000000e-35	2.720399e-10	5.167190e-10	7.613982e-10	1.006077e-09
1.000000e-35	1.000000e-35	1.000000e-35	1.000000e-35	1.000000e-35	2.475720e-10	4.922511e-10	7.369302e-10	9.816094e-10
1.000000e-35	1.000000e-35	1.000000e-35	1.000000e-35	1.000000e-35	2.231040e-10	4.677832e-10	7.124623e-10	9.571415e-10
1.000000e-35	1.000000e-35	1.000000e-35	1.000000e-35	1.000000e-35	1.986361e-10	4.433153e-10	6.879944e-10	9.326736e-10
1.000000e-35	1.000000e-35	1.000000e-35	1.000000e-35	1.000000e-35	1.741682e-10	4.188474e-10	6.635265e-10	9.082057e-10
1.000000e-35	1.000000e-35	1.000000e-35	1.000000e-35	1.000000e-35	1.000000e-35	3.943794e-10	6.390586e-10	8.837377e-10
1.000000e-35	1.000000e-35	1.000000e-35	1.000000e-35	1.000000e-35	1.000000e-35	3.699115e-10	6.145907e-10	8.592698e-10
1.000000e-35	1.000000e-35	1.000000e-35	1.000000e-35	1.000000e-35	1.000000e-35	3.454436e-10	5.901228e-10	8.348019e-10
1.000000e-35	1.000000e-35	1.000000e-35	1.000000e-35	1.000000e-35	1.000000e-35	3.209757e-10	5.656548e-10	8.103340e-10
1.000000e-35	1.000000e-35	1.000000e-35	1.000000e-35	1.000000e-35	1.000000e-35	2.965078e-10	5.411869e-10	7.858661e-10
1.000000e-35	1.000000e-35	1.000000e-35	1.000000e-35	1.000000e-35	1.000000e-35	2.720399e-10	5.167190e-10	7.613982e-10
1.000000e-35	1.000000e-35	1.000000e-35	1.000000e-35	1.000000e-35	1.000000e-35	2.475720e-10	4.922511e-10	7.369302e-10
1.000000e-35	1.000000e-35	1.000000e-35	1.000000e-35	1.000000e-35	1.000000e-35	2.231040e-10	4.677832e-10	7.124623e-10
1.000000e-35	1.000000e-35	1.000000e-35	1.000000e-35	1.000000e-35	1.000000e-35	1.986361e-10	4.433153e-10	6.879944e-10
1.000000e-35	1.000000e-35	1.000000e-35	1.000000e-35	1.000000e-35	1.000000e-35	1.741682e-10	4.188474e-10	6.635265e-10
1.000000e-35	1.000000e-35	1.000000e-35	1.000000e-35	1.000000e-35	1.000000e-35	1.000000e-35	3.943794e-10	6.390586e-10
1.000000e-35	1.000000e-35	1.000000e-35	1.000000e-35	1.000000e-35	1.000000e-35	1.000000e-35	3.699115e-10	6.145907e-10
1.000000e-35	1.000000e-35	1.000000e-35	1.000000e-35	1.000000e-35	1.000000e-35	1.000000e-35	3.454436e-10	5.901228e-10
1.000000e-35	1.000000e-35	1.000000e-35	1.000000e-35	1.000000e-35	1.000000e-35	1.000000e-35	3.209757e-10	5.656548e-10
1.000000e-35	1.000000e-35	1.000000e-35	1.000000e-35	1.000000e-35	1.000000e-35	1.000000e-35	2.965078e-10	5.411869e-10
1.000000e-35	1.000000e-35	1.000000e-35	1.000000e-35	1.000000e-35	1.000000e-35	1.000000e-35	2.720399e-10	5.167190e-10
1.000000e-35	1.000000e-35	1.000000e-35	1.000000e-35	1.000000e-35	1.000000e-35	1.000000e-35	2.475720e-10	4.922511e-10
1.000000e-35	1.000000e-35	1.000000e-35	1.000000e-35	1.000000e-35	1.000000e-35	1.000000e-35	2.231040e-10	4.677832e-10
1.000000e-35	1.000000e-35	1.000000e-35	1.000000e-35	1.000000e-35	1.000000e-35	1.000000e-35	1.986361e-10	4.433153e-10
1.000000e-35	1.000000e-35	1.000000e-35	1.000000e-35	1.000000e-35	1.000000e-35	1.000000e-35	1.741682e-10	4.188474e-10
1.000000e-35	1.000000e-35	1.000000e-35	1.000000e-35	1.000000e-35	1.000000e-35	1.000000e-35	1.000000e-35	3.943794e-10
1.000000e-35	1.000000e-35	1.000000e-35	1.000000e-35	1.000000e-35	1.000000e-35	1.000000e-35	1.000000e-35	3.699115e-10
1.000000e-35	1.000000e-35	1.000000e-35	1.000000e-35	1.000000e-35	1.000000e-35	1.000000e-35	1.000000e-35	3.454436e-10
1.000000e-35	1.000000e-35	1.000000e-35	1.000000e-35	1.000000e-35	1.000000e-35	1.000000e-35	1.000000e-35	3.209757e-10
1.000000e-35	1.000000e-35	1.000000e-35	1.000000e-35	1.000000e-35	1.000000e-35	1.000000e-35	1.000000e-35	2.965078e-10
1.000000e-35	1.000000e-35	1.000000e-35	1.000000e-35	1.000000e-35	1.000000e-35	1.000000e-35	1.000000e-35	2.720399e-10
1.000000e-35	1.000000e-35	1.000000e-35	1.000000e-35	1.000000e-35	1.000000e-35	1.000000e-35	1.000000e-35	2.475720e-10
1.000000e-35	1.000000e-35	1.000000e-35	1.000000e-35	1.000000e-35	1.000000e-35	1.000000e-35	1.000000e-35	2.231040e-10
1.000000e-35	1.000000e-35	1.000000e-35	1.000000e-35	1.000000e-35	1.000000e-35	1.000000e-35	1.000000e-35	1.986361e-10
1.000000e-35	1.000000e-35	1.000000e-35	1.000000e-35	1.000000e-35	1.000000e-35	1.000000e-35	1.000000e-35	1.741682e-10
1.000000e-35	1.000000e-35	1.000000e-35	1.000000e-35	1.000000e-35	1.000000e-35	1.000000e-35	1.000000e-35	1.000000e-35
1.000000e-35	1.000000e-35	1.000000e-35	1.000000e-35	1.000000e-35	1.000000e-35	1.000000e-35	1.000000e-35	1.000000e-35
1.000000e-35	1.000000e-35	1.000000e-35	1.000000e-35	1.000000e-35	1.000000e-35	1.000000e-35	1.000000e-35	1.000000e-35
1.000000e-35	1.000000e-35	1.000000e-35	1.000000e-35	1.000000e-35	1.000000e-35	1.000000e-35	1.000000e-35	1.000000e-35
1.000000e-35	1.000000e-35	1.000000e-35	1.000000e-35	1.000000e-35	1.000000e-35	1.000000e-35	1.000000e-35	1.000000e-35
1.000000e-35	1.000000e-35	1.000000e-35	1.000000e-35	1.000000e-35	1.000000e-35	1.000000e-35	1.000000e-35	1.000000e-35
1.000000e-35	1.000000e-35	1.000000e-35	1.000000e-35	1.000000e-35	1.000000e-35	1.000000e-35	1.000000e-35	1.000000e-35
1.000000e-35	1.000000e-35	1.000000e-35	1.000000e-35	1.000000e-35	1.000000e-35	1.000000e-35	1.000000e-35	1.000000e-35
1.000000e-35	1.000000e-35	1.000000e-35	1.000000e-35	1.000000e-35	1.000000e-35	1.000000e-35	1.000000e-35	1.000000e-35
1.000000e-35	1.000000e-35	1.000000e-35	1.000000e-35	1.000000e-35	1.000000e-35	1.000000e-35	1.000000e-35	1.000000e-35
