1.000000e-35	1.000000e-35	1.000000e-35	1.000000e-35	1.000000e-35	1.000000e-35	1.000000e-35	1.000000e-35	1.000000e-35
1.000000e-35	1.000000e-35	1.000000e-35	1.000000e-35	1.000000e-35	1.000000e-35	1.000000e-35	1.000000e-35	1.000000e-35
1.000000e-35	1.000000e-35	1.000000e-35	1.000000e-35	1.000000e-35	1.000000e-35	1.000000e-35	1.000000e-35	1.000000e-35
1.000000e-35	1.000000e-35	1.000000e-35	1.000000e-35	1.000000e-35	1.000000e-35	1.000000e-35	1.000000e-35	1.000000e-35
1.000000e-35	1.000000e-35	1.000000e-35	1.000000e-35	1.000000e-35	1.000000e-35	1.000000e-35	1.000000e-35	1.000000e-35
1.000000e-35	1.000000e-35	1.000000e-35	1.000000e-35	1.000000e-35	1.000000e-35	1.000000e-35	1.000000e-35	1.000000e-35
1.000000e-35	1.000000e-35	1.000000e-35	1.000000e-35	1.000000e-35	1.000000e-35	1.000000e-35	1.000000e-35	1.000000e-35
1.000000e-35	1.000000e-35	1.000000e-35	1.000000e-35	1.000000e-35	1.000000e-35	1.000000e-35	1.000000e-35	1.000000e-35
1.000000e-35	1.000000e-35	1.000000e-35	1.000000e-35	1.000000e-35	1.000000e-35	1.000000e-35	1.000000e-35	1.000000e-35
1.000000e-35	1.000000e-35	1.000000e-35	1.000000e-35	1.000000e-35	1.000000e-35	1.000000e-35	1.000000e-35	1.000000e-35
1.745044e-12	1.885298e-12	2.025552e-12	2.165806e-12	2.306060e-12	2.446314e-12	2.586568e-12	2.726822e-12	2.867076e-12
1.997408e-12	2.128106e-12	2.258804e-12	2.389502e-12	2.520200e-12	2.650898e-12	2.781596e-12	2.912294e-12	3.042992e-12
9.031790e-12	9.483580e-12	9.935370e-12	1.038716e-11	1.083895e-11	1.129074e-11	1.174253e-11	1.219432e-11	1.264611e-11
2.666931e-10	2.606112e-10	2.545293e-10	2.484474e-10	2.423655e-10	2.362836e-10	2.302017e-10	2.241198e-10	2.180379e-10
3.133760e-10	3.091320e-10	3.048880e-10	3.006440e-10	2.964000e-10	2.921560e-10	2.879120e-10	2.836680e-10	2.794240e-10
6.629405e-10	6.647880e-10	6.666355e-10	6.684830e-10	6.703305e-10	6.721780e-10	6.740255e-10	6.758730e-10	6.777205e-10
2.272381e-09	2.292892e-09	2.313403e-09	2.333914e-09	2.354425e-09	2.374936e-09	2.395447e-09	2.415958e-09	2.436469e-09
8.029230e-08	8.007570e-08	7.985910e-08	7.964250e-08	7.942590e-08	7.920930e-08	7.899270e-08	7.877610e-08	7.855950e-08
2.659120e-08	2.655260e-08	2.651400e-08	2.647540e-08	2.643680e-08	2.639820e-08	2.635960e-08	2.632100e-08	2.628240e-08
3.402380e-09	3.454020e-09	3.505660e-09	3.557300e-09	3.608940e-09	3.660580e-09	3.712220e-09	3.763860e-09	3.815500e-09
1.112159e-08	1.108168e-08	1.104177e-08	1.100186e-08	1.096195e-08	1.092204e-08	1.088213e-08	1.084222e-08	1.080231e-08
6.658936e-09	6.681742e-09	6.704548e-09	6.727354e-09	6.750160e-09	6.772966e-09	6.795772e-09	6.818578e-09	6.841384e-09
7.987806e-09	8.010802e-09	8.033798e-09	8.056794e-09	8.079790e-09	8.102786e-09	8.125782e-09	8.148778e-09	8.171774e-09
1.433242e-08	1.432394e-08	1.431546e-08	1.430698e-08	1.429850e-08	1.429002e-08	1.428154e-08	1.427306e-08	1.426458e-08
1.102863e-08	1.108476e-08	1.114089e-08	1.119702e-08	1.125315e-08	1.130928e-08	1.136541e-08	1.142154e-08	1.147767e-08
1.260716e-08	1.269202e-08	1.277688e-08	1.286174e-08	1.294660e-08	1.303146e-08	1.311632e-08	1.320118e-08	1.328604e-08
1.406821e-08	1.413272e-08	1.419723e-08	1.426174e-08	1.432625e-08	1.439076e-08	1.445527e-08	1.451978e-08	1.458429e-08
1.652895e-08	1.658580e-08	1.664265e-08	1.669950e-08	1.675635e-08	1.681320e-08	1.687005e-08	1.692690e-08	1.698375e-08
1.701513e-08	1.711996e-08	1.722479e-08	1.732962e-08	1.743445e-08	1.753928e-08	1.764411e-08	1.774894e-08	1.785377e-08
1.877184e-08	1.886358e-08	1.895532e-08	1.904706e-08	1.913880e-08	1.923054e-08	1.932228e-08	1.941402e-08	1.950576e-08
2.004103e-08	2.016226e-08	2.028349e-08	2.040472e-08	2.052595e-08	2.064718e-08	2.076841e-08	2.088964e-08	2.101087e-08
2.182217e-08	2.192204e-08	2.202191e-08	2.212178e-08	2.222165e-08	2.232152e-08	2.242139e-08	2.252126e-08	2.262113e-08
2.337813e-08	2.348536e-08	2.359259e-08	2.369982e-08	2.380705e-08	2.391428e-08	2.402151e-08	2.412874e-08	2.423597e-08
2.463267e-08	2.474364e-08	2.485461e-08	2.496558e-08	2.507655e-08	2.518752e-08	2.529849e-08	2.540946e-08	2.552043e-08
2.606882e-08	2.616634e-08	2.626386e-08	2.636138e-08	2.645890e-08	2.655642e-08	2.665394e-08	2.675146e-08	2.684898e-08
2.734164e-08	2.742928e-08	2.751692e-08	2.760456e-08	2.769220e-08	2.777984e-08	2.786748e-08	2.795512e-08	2.804276e-08
2.839849e-08	2.849328e-08	2.858807e-08	2.868286e-08	2.877765e-08	2.887244e-08	2.896723e-08	2.906202e-08	2.915681e-08
2.948246e-08	2.962162e-08	2.976078e-08	2.989994e-08	3.003910e-08	3.017826e-08	3.031742e-08	3.045658e-08	3.059574e-08
3.063680e-08	3.074950e-08	3.086220e-08	3.097490e-08	3.108760e-08	3.120030e-08	3.131300e-08	3.142570e-08	3.153840e-08
3.144531e-08	3.157092e-08	3.169653e-08	3.182214e-08	3.194775e-08	3.207336e-08	3.219897e-08	3.232458e-08	3.245019e-08
3.224256e-08	3.237992e-08	3.251728e-08	3.265464e-08	3.279200e-08	3.292936e-08	3.306672e-08	3.320408e-08	3.334144e-08
3.326418e-08	3.343886e-08	3.361354e-08	3.378822e-08	3.396290e-08	3.413758e-08	3.431226e-08	3.448694e-08	3.466162e-08
3.432681e-08	3.444772e-08	3.456863e-08	3.468954e-08	3.481045e-08	3.493136e-08	3.505227e-08	3.517318e-08	3.529409e-08
3.501502e-08	3.515324e-08	3.529146e-08	3.542968e-08	3.556790e-08	3.570612e-08	3.584434e-08	3.598256e-08	3.612078e-08
3.539559e-08	3.556508e-08	3.573457e-08	3.590406e-08	3.607355e-08	3.624304e-08	3.641253e-08	3.658202e-08	3.675151e-08
3.600175e-08	3.621130e-08	3.642085e-08	3.663040e-08	3.683995e-08	3.704950e-08	3.725905e-08	3.746860e-08	3.767815e-08
3.651182e-08	3.669284e-08	3.687386e-08	3.705488e-08	3.723590e-08	3.741692e-08	3.759794e-08	3.777896e-08	3.795998e-08
3.650776e-08	3.676592e-08	3.702408e-08	3.728224e-08	3.754040e-08	3.779856e-08	3.805672e-08	3.831488e-08	3.857304e-08
3.737601e-08	3.758822e-08	3.780043e-08	3.801264e-08	3.822485e-08	3.843706e-08	3.864927e-08	3.886148e-08	3.907369e-08
3.764648e-08	3.790146e-08	3.815644e-08	3.841142e-08	3.866640e-08	3.892138e-08	3.917636e-08	3.943134e-08	3.968632e-08
3.801804e-08	3.830568e-08	3.859332e-08	3.888096e-08	3.916860e-08	3.945624e-08	3.974388e-08	4.003152e-08	4.031916e-08
3.828933e-08	3.856006e-08	3.883079e-08	3.910152e-08	3.937225e-08	3.964298e-08	3.991371e-08	4.018444e-08	4.045517e-08
3.863112e-08	3.891424e-08	3.919736e-08	3.948048e-08	3.976360e-08	4.004672e-08	4.032984e-08	4.061296e-08	4.089608e-08
3.905449e-08	3.934168e-08	3.962887e-08	3.991606e-08	4.020325e-08	4.049044e-08	4.077763e-08	4.106482e-08	4.135201e-08
3.888689e-08	3.923858e-08	3.959027e-08	3.994196e-08	4.029365e-08	4.064534e-08	4.099703e-08	4.134872e-08	4.170041e-08
3.949519e-08	3.979458e-08	4.009397e-08	4.039336e-08	4.069275e-08	4.099214e-08	4.129153e-08	4.159092e-08	4.189031e-08
3.929234e-08	3.963258e-08	3.997282e-08	4.031306e-08	4.065330e-08	4.099354e-08	4.133378e-08	4.167402e-08	4.201426e-08
3.921055e-08	3.958360e-08	3.995665e-08	4.032970e-08	4.070275e-08	4.107580e-08	4.144885e-08	4.182190e-08	4.219495e-08
3.929108e-08	3.965426e-08	4.001744e-08	4.038062e-08	4.074380e-08	4.110698e-08	4.147016e-08	4.183334e-08	4.219652e-08
3.936625e-08	3.976490e-08	4.016355e-08	4.056220e-08	4.096085e-08	4.135950e-08	4.175815e-08	4.215680e-08	4.255545e-08
3.938079e-08	3.978018e-08	4.017957e-08	4.057896e-08	4.097835e-08	4.137774e-08	4.177713e-08	4.217652e-08	4.257591e-08
3.912393e-08	3.952756e-08	3.993119e-08	4.033482e-08	4.073845e-08	4.114208e-08	4.154571e-08	4.194934e-08	4.235297e-08
3.920896e-08	3.966032e-08	4.011168e-08	4.056304e-08	4.101440e-08	4.146576e-08	4.191712e-08	4.236848e-08	4.281984e-08
3.943249e-08	3.987468e-08	4.031687e-08	4.075906e-08	4.120125e-08	4.164344e-08	4.208563e-08	4.252782e-08	4.297001e-08
3.916606e-08	3.962012e-08	4.007418e-08	4.052824e-08	4.098230e-08	4.143636e-08	4.189042e-08	4.234448e-08	4.279854e-08
3.876085e-08	3.926010e-08	3.975935e-08	4.025860e-08	4.075785e-08	4.125710e-08	4.175635e-08	4.225560e-08	4.275485e-08
3.909318e-08	3.955166e-08	4.001014e-08	4.046862e-08	4.092710e-08	4.138558e-08	4.184406e-08	4.230254e-08	4.276102e-08
3.861304e-08	3.908098e-08	3.954892e-08	4.001686e-08	4.048480e-08	4.095274e-08	4.142068e-08	4.188862e-08	4.235656e-08
3.883940e-08	3.934330e-08	3.984720e-08	4.035110e-08	4.085500e-08	4.135890e-08	4.186280e-08	4.236670e-08	4.287060e-08
3.809920e-08	3.863010e-08	3.916100e-08	3.969190e-08	4.022280e-08	4.075370e-08	4.128460e-08	4.181550e-08	4.234640e-08
3.838070e-08	3.884660e-08	3.931250e-08	3.977840e-08	4.024430e-08	4.071020e-08	4.117610e-08	4.164200e-08	4.210790e-08
3.799394e-08	3.850338e-08	3.901282e-08	3.952226e-08	4.003170e-08	4.054114e-08	4.105058e-08	4.156002e-08	4.206946e-08
3.804271e-08	3.855132e-08	3.905993e-08	3.956854e-08	4.007715e-08	4.058576e-08	4.109437e-08	4.160298e-08	4.211159e-08
1.404373e-07	1.429636e-07	1.454899e-07	1.480162e-07	1.505425e-07	1.530688e-07	1.555951e-07	1.581214e-07	1.606477e-07
3.725617e-08	3.779774e-08	3.833931e-08	3.888088e-08	3.942245e-08	3.996402e-08	4.050559e-08	4.104716e-08	4.158873e-08
3.699486e-08	3.751412e-08	3.803338e-08	3.855264e-08	3.907190e-08	3.959116e-08	4.011042e-08	4.062968e-08	4.114894e-08
3.813058e-08	3.865266e-08	3.917474e-08	3.969682e-08	4.021890e-08	4.074098e-08	4.126306e-08	4.178514e-08	4.230722e-08
3.688995e-08	3.738350e-08	3.787705e-08	3.837060e-08	3.886415e-08	3.935770e-08	3.985125e-08	4.034480e-08	4.083835e-08
3.645735e-08	3.696230e-08	3.746725e-08	3.797220e-08	3.847715e-08	3.898210e-08	3.948705e-08	3.999200e-08	4.049695e-08
3.697980e-08	3.757770e-08	3.817560e-08	3.877350e-08	3.937140e-08	3.996930e-08	4.056720e-08	4.116510e-08	4.176300e-08
3.587761e-08	3.641912e-08	3.696063e-08	3.750214e-08	3.804365e-08	3.858516e-08	3.912667e-08	3.966818e-08	4.020969e-08
3.565438e-08	3.630416e-08	3.695394e-08	3.760372e-08	3.825350e-08	3.890328e-08	3.955306e-08	4.020284e-08	4.085262e-08
3.592030e-08	3.651870e-08	3.711710e-08	3.771550e-08	3.831390e-08	3.891230e-08	3.951070e-08	4.010910e-08	4.070750e-08
1.877457e-06	1.922154e-06	1.966851e-06	2.011548e-06	2.056245e-06	2.100942e-06	2.145639e-06	2.190336e-06	2.235033e-06
3.455316e-08	3.516662e-08	3.578008e-08	3.639354e-08	3.700700e-08	3.762046e-08	3.823392e-08	3.884738e-08	3.946084e-08
3.467074e-08	3.523988e-08	3.580902e-08	3.637816e-08	3.694730e-08	3.751644e-08	3.808558e-08	3.865472e-08	3.922386e-08
3.430385e-08	3.487760e-08	3.545135e-08	3.602510e-08	3.659885e-08	3.717260e-08	3.774635e-08	3.832010e-08	3.889385e-08
5.464895e-08	5.607050e-08	5.749205e-08	5.891360e-08	6.033515e-08	6.175670e-08	6.317825e-08	6.459980e-08	6.602135e-08
3.359847e-08	3.417404e-08	3.474961e-08	3.532518e-08	3.590075e-08	3.647632e-08	3.705189e-08	3.762746e-08	3.820303e-08
3.345671e-08	3.405192e-08	3.464713e-08	3.524234e-08	3.583755e-08	3.643276e-08	3.702797e-08	3.762318e-08	3.821839e-08
3.312376e-08	3.370282e-08	3.428188e-08	3.486094e-08	3.544000e-08	3.601906e-08	3.659812e-08	3.717718e-08	3.775624e-08
3.280365e-08	3.341370e-08	3.402375e-08	3.463380e-08	3.524385e-08	3.585390e-08	3.646395e-08	3.707400e-08	3.768405e-08
3.319449e-08	3.381498e-08	3.443547e-08	3.505596e-08	3.567645e-08	3.629694e-08	3.691743e-08	3.753792e-08	3.815841e-08
3.230106e-08	3.293742e-08	3.357378e-08	3.421014e-08	3.484650e-08	3.548286e-08	3.611922e-08	3.675558e-08	3.739194e-08
3.218871e-08	3.281162e-08	3.343453e-08	3.405744e-08	3.468035e-08	3.530326e-08	3.592617e-08	3.654908e-08	3.717199e-08
8.233638e-08	8.411386e-08	8.589134e-08	8.766882e-08	8.944630e-08	9.122378e-08	9.300126e-08	9.477874e-08	9.655622e-08
8.285866e-07	8.510192e-07	8.734518e-07	8.958844e-07	9.183170e-07	9.407496e-07	9.631822e-07	9.856148e-07	1.008047e-06
3.161716e-08	3.223462e-08	3.285208e-08	3.346954e-08	3.408700e-08	3.470446e-08	3.532192e-08	3.593938e-08	3.655684e-08
9.294064e-08	9.550068e-08	9.806072e-08	1.006208e-07	1.031808e-07	1.057408e-07	1.083009e-07	1.108609e-07	1.134210e-07
3.847287e-07	3.949714e-07	4.052141e-07	4.154568e-07	4.256995e-07	4.359422e-07	4.461849e-07	4.564276e-07	4.666703e-07
3.038798e-08	3.099636e-08	3.160474e-08	3.221312e-08	3.282150e-08	3.342988e-08	3.403826e-08	3.464664e-08	3.525502e-08
4.543438e-08	4.637826e-08	4.732214e-08	4.826602e-08	4.920990e-08	5.015378e-08	5.109766e-08	5.204154e-08	5.298542e-08
2.805754e-08	2.851628e-08	2.897502e-08	2.943376e-08	2.989250e-08	3.035124e-08	3.080998e-08	3.126872e-08	3.172746e-08
2.456042e-08	2.490954e-08	2.525866e-08	2.560778e-08	2.595690e-08	2.630602e-08	2.665514e-08	2.700426e-08	2.735338e-08
2.456363e-08	2.491056e-08	2.525749e-08	2.560442e-08	2.595135e-08	2.629828e-08	2.664521e-08	2.699214e-08	2.733907e-08
2.446281e-08	2.483232e-08	2.520183e-08	2.557134e-08	2.594085e-08	2.631036e-08	2.667987e-08	2.704938e-08	2.741889e-08
2.425436e-08	2.463262e-08	2.501088e-08	2.538914e-08	2.576740e-08	2.614566e-08	2.652392e-08	2.690218e-08	2.728044e-08
2.403432e-08	2.438144e-08	2.472856e-08	2.507568e-08	2.542280e-08	2.576992e-08	2.611704e-08	2.646416e-08	2.681128e-08
2.414623e-08	2.447826e-08	2.481029e-08	2.514232e-08	2.547435e-08	2.580638e-08	2.613841e-08	2.647044e-08	2.680247e-08
2.823007e-08	2.869164e-08	2.915321e-08	2.961478e-08	3.007635e-08	3.053792e-08	3.099949e-08	3.146106e-08	3.192263e-08
2.373073e-08	2.414436e-08	2.455799e-08	2.497162e-08	2.538525e-08	2.579888e-08	2.621251e-08	2.662614e-08	2.703977e-08
2.406930e-08	2.446900e-08	2.486870e-08	2.526840e-08	2.566810e-08	2.606780e-08	2.646750e-08	2.686720e-08	2.726690e-08
2.352127e-08	2.388024e-08	2.423921e-08	2.459818e-08	2.495715e-08	2.531612e-08	2.567509e-08	2.603406e-08	2.639303e-08
1.526764e-07	1.559008e-07	1.591252e-07	1.623496e-07	1.655740e-07	1.687984e-07	1.720228e-07	1.752472e-07	1.784716e-07
2.409902e-08	2.452344e-08	2.494786e-08	2.537228e-08	2.579670e-08	2.622112e-08	2.664554e-08	2.706996e-08	2.749438e-08
3.696926e-08	3.768612e-08	3.840298e-08	3.911984e-08	3.983670e-08	4.055356e-08	4.127042e-08	4.198728e-08	4.270414e-08
3.457208e-08	3.526746e-08	3.596284e-08	3.665822e-08	3.735360e-08	3.804898e-08	3.874436e-08	3.943974e-08	4.013512e-08
2.102052e-08	2.133064e-08	2.164076e-08	2.195088e-08	2.226100e-08	2.257112e-08	2.288124e-08	2.319136e-08	2.350148e-08
2.124025e-08	2.156740e-08	2.189455e-08	2.222170e-08	2.254885e-08	2.287600e-08	2.320315e-08	2.353030e-08	2.385745e-08
2.085647e-08	2.116734e-08	2.147821e-08	2.178908e-08	2.209995e-08	2.241082e-08	2.272169e-08	2.303256e-08	2.334343e-08
2.406969e-08	2.451868e-08	2.496767e-08	2.541666e-08	2.586565e-08	2.631464e-08	2.676363e-08	2.721262e-08	2.766161e-08
1.993593e-08	2.022536e-08	2.051479e-08	2.080422e-08	2.109365e-08	2.138308e-08	2.167251e-08	2.196194e-08	2.225137e-08
1.960599e-08	1.991398e-08	2.022197e-08	2.052996e-08	2.083795e-08	2.114594e-08	2.145393e-08	2.176192e-08	2.206991e-08
1.976602e-08	2.003374e-08	2.030146e-08	2.056918e-08	2.083690e-08	2.110462e-08	2.137234e-08	2.164006e-08	2.190778e-08
1.961804e-08	1.989538e-08	2.017272e-08	2.045006e-08	2.072740e-08	2.100474e-08	2.128208e-08	2.155942e-08	2.183676e-08
1.945277e-08	1.974144e-08	2.003011e-08	2.031878e-08	2.060745e-08	2.089612e-08	2.118479e-08	2.147346e-08	2.176213e-08
1.931186e-08	1.962742e-08	1.994298e-08	2.025854e-08	2.057410e-08	2.088966e-08	2.120522e-08	2.152078e-08	2.183634e-08
1.918763e-08	1.947096e-08	1.975429e-08	2.003762e-08	2.032095e-08	2.060428e-08	2.088761e-08	2.117094e-08	2.145427e-08
1.903039e-08	1.931368e-08	1.959697e-08	1.988026e-08	2.016355e-08	2.044684e-08	2.073013e-08	2.101342e-08	2.129671e-08
1.917165e-08	1.946480e-08	1.975795e-08	2.005110e-08	2.034425e-08	2.063740e-08	2.093055e-08	2.122370e-08	2.151685e-08
1.885737e-08	1.918454e-08	1.951171e-08	1.983888e-08	2.016605e-08	2.049322e-08	2.082039e-08	2.114756e-08	2.147473e-08
1.883606e-08	1.915212e-08	1.946818e-08	1.978424e-08	2.010030e-08	2.041636e-08	2.073242e-08	2.104848e-08	2.136454e-08
1.860220e-08	1.893580e-08	1.926940e-08	1.960300e-08	1.993660e-08	2.027020e-08	2.060380e-08	2.093740e-08	2.127100e-08
1.851568e-08	1.884596e-08	1.917624e-08	1.950652e-08	1.983680e-08	2.016708e-08	2.049736e-08	2.082764e-08	2.115792e-08
1.837432e-08	1.870334e-08	1.903236e-08	1.936138e-08	1.969040e-08	2.001942e-08	2.034844e-08	2.067746e-08	2.100648e-08
1.838381e-08	1.869992e-08	1.901603e-08	1.933214e-08	1.964825e-08	1.996436e-08	2.028047e-08	2.059658e-08	2.091269e-08
1.823336e-08	1.854432e-08	1.885528e-08	1.916624e-08	1.947720e-08	1.978816e-08	2.009912e-08	2.041008e-08	2.072104e-08
1.811374e-08	1.843448e-08	1.875522e-08	1.907596e-08	1.939670e-08	1.971744e-08	2.003818e-08	2.035892e-08	2.067966e-08
1.816987e-08	1.848194e-08	1.879401e-08	1.910608e-08	1.941815e-08	1.973022e-08	2.004229e-08	2.035436e-08	2.066643e-08
1.800015e-08	1.831110e-08	1.862205e-08	1.893300e-08	1.924395e-08	1.955490e-08	1.986585e-08	2.017680e-08	2.048775e-08
1.786805e-08	1.816390e-08	1.845975e-08	1.875560e-08	1.905145e-08	1.934730e-08	1.964315e-08	1.993900e-08	2.023485e-08
1.754074e-08	1.787528e-08	1.820982e-08	1.854436e-08	1.887890e-08	1.921344e-08	1.954798e-08	1.988252e-08	2.021706e-08
1.756936e-08	1.788902e-08	1.820868e-08	1.852834e-08	1.884800e-08	1.916766e-08	1.948732e-08	1.980698e-08	2.012664e-08
1.739966e-08	1.771812e-08	1.803658e-08	1.835504e-08	1.867350e-08	1.899196e-08	1.931042e-08	1.962888e-08	1.994734e-08
1.730950e-08	1.762130e-08	1.793310e-08	1.824490e-08	1.855670e-08	1.886850e-08	1.918030e-08	1.949210e-08	1.980390e-08
1.737936e-08	1.768892e-08	1.799848e-08	1.830804e-08	1.861760e-08	1.892716e-08	1.923672e-08	1.954628e-08	1.985584e-08
1.723317e-08	1.755344e-08	1.787371e-08	1.819398e-08	1.851425e-08	1.883452e-08	1.915479e-08	1.947506e-08	1.979533e-08
1.705764e-08	1.738398e-08	1.771032e-08	1.803666e-08	1.836300e-08	1.868934e-08	1.901568e-08	1.934202e-08	1.966836e-08
1.686437e-08	1.719774e-08	1.753111e-08	1.786448e-08	1.819785e-08	1.853122e-08	1.886459e-08	1.919796e-08	1.953133e-08
1.694579e-08	1.727348e-08	1.760117e-08	1.792886e-08	1.825655e-08	1.858424e-08	1.891193e-08	1.923962e-08	1.956731e-08
1.667341e-08	1.702942e-08	1.738543e-08	1.774144e-08	1.809745e-08	1.845346e-08	1.880947e-08	1.916548e-08	1.952149e-08
1.687649e-08	1.716518e-08	1.745387e-08	1.774256e-08	1.803125e-08	1.831994e-08	1.860863e-08	1.889732e-08	1.918601e-08
1.652596e-08	1.682052e-08	1.711508e-08	1.740964e-08	1.770420e-08	1.799876e-08	1.829332e-08	1.858788e-08	1.888244e-08
1.661591e-08	1.692582e-08	1.723573e-08	1.754564e-08	1.785555e-08	1.816546e-08	1.847537e-08	1.878528e-08	1.909519e-08
1.619865e-08	1.652010e-08	1.684155e-08	1.716300e-08	1.748445e-08	1.780590e-08	1.812735e-08	1.844880e-08	1.877025e-08
1.620605e-08	1.651020e-08	1.681435e-08	1.711850e-08	1.742265e-08	1.772680e-08	1.803095e-08	1.833510e-08	1.863925e-08
1.613610e-08	1.645800e-08	1.677990e-08	1.710180e-08	1.742370e-08	1.774560e-08	1.806750e-08	1.838940e-08	1.871130e-08
1.606192e-08	1.637894e-08	1.669596e-08	1.701298e-08	1.733000e-08	1.764702e-08	1.796404e-08	1.828106e-08	1.859808e-08
1.579033e-08	1.613046e-08	1.647059e-08	1.681072e-08	1.715085e-08	1.749098e-08	1.783111e-08	1.817124e-08	1.851137e-08
1.589377e-08	1.622764e-08	1.656151e-08	1.689538e-08	1.722925e-08	1.756312e-08	1.789699e-08	1.823086e-08	1.856473e-08
1.565366e-08	1.598992e-08	1.632618e-08	1.666244e-08	1.699870e-08	1.733496e-08	1.767122e-08	1.800748e-08	1.834374e-08
1.565122e-08	1.597044e-08	1.628966e-08	1.660888e-08	1.692810e-08	1.724732e-08	1.756654e-08	1.788576e-08	1.820498e-08
1.555905e-08	1.588680e-08	1.621455e-08	1.654230e-08	1.687005e-08	1.719780e-08	1.752555e-08	1.785330e-08	1.818105e-08
1.545961e-08	1.577772e-08	1.609583e-08	1.641394e-08	1.673205e-08	1.705016e-08	1.736827e-08	1.768638e-08	1.800449e-08
1.537140e-08	1.568030e-08	1.598920e-08	1.629810e-08	1.660700e-08	1.691590e-08	1.722480e-08	1.753370e-08	1.784260e-08
1.511788e-08	1.542856e-08	1.573924e-08	1.604992e-08	1.636060e-08	1.667128e-08	1.698196e-08	1.729264e-08	1.760332e-08
1.525041e-08	1.553572e-08	1.582103e-08	1.610634e-08	1.639165e-08	1.667696e-08	1.696227e-08	1.724758e-08	1.753289e-08
1.488228e-08	1.521036e-08	1.553844e-08	1.586652e-08	1.619460e-08	1.652268e-08	1.685076e-08	1.717884e-08	1.750692e-08
1.501120e-08	1.534860e-08	1.568600e-08	1.602340e-08	1.636080e-08	1.669820e-08	1.703560e-08	1.737300e-08	1.771040e-08
1.495381e-08	1.527412e-08	1.559443e-08	1.591474e-08	1.623505e-08	1.655536e-08	1.687567e-08	1.719598e-08	1.751629e-08
1.475460e-08	1.506030e-08	1.536600e-08	1.567170e-08	1.597740e-08	1.628310e-08	1.658880e-08	1.689450e-08	1.720020e-08
1.462541e-08	1.497562e-08	1.532583e-08	1.567604e-08	1.602625e-08	1.637646e-08	1.672667e-08	1.707688e-08	1.742709e-08
1.440980e-08	1.473660e-08	1.506340e-08	1.539020e-08	1.571700e-08	1.604380e-08	1.637060e-08	1.669740e-08	1.702420e-08
1.444856e-08	1.477162e-08	1.509468e-08	1.541774e-08	1.574080e-08	1.606386e-08	1.638692e-08	1.670998e-08	1.703304e-08
1.440377e-08	1.469874e-08	1.499371e-08	1.528868e-08	1.558365e-08	1.587862e-08	1.617359e-08	1.646856e-08	1.676353e-08
1.423810e-08	1.454470e-08	1.485130e-08	1.515790e-08	1.546450e-08	1.577110e-08	1.607770e-08	1.638430e-08	1.669090e-08
1.402180e-08	1.437650e-08	1.473120e-08	1.508590e-08	1.544060e-08	1.579530e-08	1.615000e-08	1.650470e-08	1.685940e-08
1.388561e-08	1.420822e-08	1.453083e-08	1.485344e-08	1.517605e-08	1.549866e-08	1.582127e-08	1.614388e-08	1.646649e-08
1.394767e-08	1.423924e-08	1.453081e-08	1.482238e-08	1.511395e-08	1.540552e-08	1.569709e-08	1.598866e-08	1.628023e-08
1.380132e-08	1.411724e-08	1.443316e-08	1.474908e-08	1.506500e-08	1.538092e-08	1.569684e-08	1.601276e-08	1.632868e-08
1.404043e-08	1.430056e-08	1.456069e-08	1.482082e-08	1.508095e-08	1.534108e-08	1.560121e-08	1.586134e-08	1.612147e-08
1.375141e-08	1.403902e-08	1.432663e-08	1.461424e-08	1.490185e-08	1.518946e-08	1.547707e-08	1.576468e-08	1.605229e-08
1.360951e-08	1.392462e-08	1.423973e-08	1.455484e-08	1.486995e-08	1.518506e-08	1.550017e-08	1.581528e-08	1.613039e-08
1.328712e-08	1.361614e-08	1.394516e-08	1.427418e-08	1.460320e-08	1.493222e-08	1.526124e-08	1.559026e-08	1.591928e-08
1.333792e-08	1.365344e-08	1.396896e-08	1.428448e-08	1.460000e-08	1.491552e-08	1.523104e-08	1.554656e-08	1.586208e-08
1.329810e-08	1.361780e-08	1.393750e-08	1.425720e-08	1.457690e-08	1.489660e-08	1.521630e-08	1.553600e-08	1.585570e-08
1.312832e-08	1.345264e-08	1.377696e-08	1.410128e-08	1.442560e-08	1.474992e-08	1.507424e-08	1.539856e-08	1.572288e-08
1.300282e-08	1.330354e-08	1.360426e-08	1.390498e-08	1.420570e-08	1.450642e-08	1.480714e-08	1.510786e-08	1.540858e-08
1.292514e-08	1.325618e-08	1.358722e-08	1.391826e-08	1.424930e-08	1.458034e-08	1.491138e-08	1.524242e-08	1.557346e-08
1.283116e-08	1.314972e-08	1.346828e-08	1.378684e-08	1.410540e-08	1.442396e-08	1.474252e-08	1.506108e-08	1.537964e-08
1.285146e-08	1.314762e-08	1.344378e-08	1.373994e-08	1.403610e-08	1.433226e-08	1.462842e-08	1.492458e-08	1.522074e-08
1.284124e-08	1.315558e-08	1.346992e-08	1.378426e-08	1.409860e-08	1.441294e-08	1.472728e-08	1.504162e-08	1.535596e-08
1.269831e-08	1.299652e-08	1.329473e-08	1.359294e-08	1.389115e-08	1.418936e-08	1.448757e-08	1.478578e-08	1.508399e-08
1.256581e-08	1.284742e-08	1.312903e-08	1.341064e-08	1.369225e-08	1.397386e-08	1.425547e-08	1.453708e-08	1.481869e-08
1.242675e-08	1.275200e-08	1.307725e-08	1.340250e-08	1.372775e-08	1.405300e-08	1.437825e-08	1.470350e-08	1.502875e-08
1.240233e-08	1.271006e-08	1.301779e-08	1.332552e-08	1.363325e-08	1.394098e-08	1.424871e-08	1.455644e-08	1.486417e-08
1.230005e-08	1.259400e-08	1.288795e-08	1.318190e-08	1.347585e-08	1.376980e-08	1.406375e-08	1.435770e-08	1.465165e-08
1.231026e-08	1.258822e-08	1.286618e-08	1.314414e-08	1.342210e-08	1.370006e-08	1.397802e-08	1.425598e-08	1.453394e-08
1.207531e-08	1.239602e-08	1.271673e-08	1.303744e-08	1.335815e-08	1.367886e-08	1.399957e-08	1.432028e-08	1.464099e-08
1.215704e-08	1.243928e-08	1.272152e-08	1.300376e-08	1.328600e-08	1.356824e-08	1.385048e-08	1.413272e-08	1.441496e-08
1.200353e-08	1.228366e-08	1.256379e-08	1.284392e-08	1.312405e-08	1.340418e-08	1.368431e-08	1.396444e-08	1.424457e-08
1.188311e-08	1.217712e-08	1.247113e-08	1.276514e-08	1.305915e-08	1.335316e-08	1.364717e-08	1.394118e-08	1.423519e-08
1.177714e-08	1.208038e-08	1.238362e-08	1.268686e-08	1.299010e-08	1.329334e-08	1.359658e-08	1.389982e-08	1.420306e-08
1.177957e-08	1.205964e-08	1.233971e-08	1.261978e-08	1.289985e-08	1.317992e-08	1.345999e-08	1.374006e-08	1.402013e-08
1.168136e-08	1.197302e-08	1.226468e-08	1.255634e-08	1.284800e-08	1.313966e-08	1.343132e-08	1.372298e-08	1.401464e-08
1.151862e-08	1.182424e-08	1.212986e-08	1.243548e-08	1.274110e-08	1.304672e-08	1.335234e-08	1.365796e-08	1.396358e-08
1.158257e-08	1.186684e-08	1.215111e-08	1.243538e-08	1.271965e-08	1.300392e-08	1.328819e-08	1.357246e-08	1.385673e-08
1.145825e-08	1.177210e-08	1.208595e-08	1.239980e-08	1.271365e-08	1.302750e-08	1.334135e-08	1.365520e-08	1.396905e-08
1.140985e-08	1.172190e-08	1.203395e-08	1.234600e-08	1.265805e-08	1.297010e-08	1.328215e-08	1.359420e-08	1.390625e-08
1.116940e-08	1.147530e-08	1.178120e-08	1.208710e-08	1.239300e-08	1.269890e-08	1.300480e-08	1.331070e-08	1.361660e-08
1.118319e-08	1.149008e-08	1.179697e-08	1.210386e-08	1.241075e-08	1.271764e-08	1.302453e-08	1.333142e-08	1.363831e-08
1.112952e-08	1.141594e-08	1.170236e-08	1.198878e-08	1.227520e-08	1.256162e-08	1.284804e-08	1.313446e-08	1.342088e-08
1.098621e-08	1.127342e-08	1.156063e-08	1.184784e-08	1.213505e-08	1.242226e-08	1.270947e-08	1.299668e-08	1.328389e-08
1.103242e-08	1.131384e-08	1.159526e-08	1.187668e-08	1.215810e-08	1.243952e-08	1.272094e-08	1.300236e-08	1.328378e-08
1.090527e-08	1.118764e-08	1.147001e-08	1.175238e-08	1.203475e-08	1.231712e-08	1.259949e-08	1.288186e-08	1.316423e-08
1.087561e-08	1.115322e-08	1.143083e-08	1.170844e-08	1.198605e-08	1.226366e-08	1.254127e-08	1.281888e-08	1.309649e-08
1.094349e-08	1.119868e-08	1.145387e-08	1.170906e-08	1.196425e-08	1.221944e-08	1.247463e-08	1.272982e-08	1.298501e-08
1.065857e-08	1.095274e-08	1.124691e-08	1.154108e-08	1.183525e-08	1.212942e-08	1.242359e-08	1.271776e-08	1.301193e-08
1.068817e-08	1.096924e-08	1.125031e-08	1.153138e-08	1.181245e-08	1.209352e-08	1.237459e-08	1.265566e-08	1.293673e-08
1.056535e-08	1.084870e-08	1.113205e-08	1.141540e-08	1.169875e-08	1.198210e-08	1.226545e-08	1.254880e-08	1.283215e-08
1.034688e-08	1.063716e-08	1.092744e-08	1.121772e-08	1.150800e-08	1.179828e-08	1.208856e-08	1.237884e-08	1.266912e-08
1.040486e-08	1.071982e-08	1.103478e-08	1.134974e-08	1.166470e-08	1.197966e-08	1.229462e-08	1.260958e-08	1.292454e-08
1.036682e-08	1.064164e-08	1.091646e-08	1.119128e-08	1.146610e-08	1.174092e-08	1.201574e-08	1.229056e-08	1.256538e-08
1.016951e-08	1.044488e-08	1.072026e-08	1.099564e-08	1.127102e-08	1.154639e-08	1.182177e-08	1.209715e-08	1.237252e-08
1.015720e-08	1.044028e-08	1.072335e-08	1.100643e-08	1.128951e-08	1.157259e-08	1.185567e-08	1.213874e-08	1.242182e-08
1.019620e-08	1.047866e-08	1.076111e-08	1.104357e-08	1.132602e-08	1.160848e-08	1.189093e-08	1.217339e-08	1.245584e-08
9.988384e-09	1.027431e-08	1.056023e-08	1.084616e-08	1.113208e-08	1.141800e-08	1.170393e-08	1.198985e-08	1.227578e-08
9.933235e-09	1.022252e-08	1.051181e-08	1.080109e-08	1.109038e-08	1.137966e-08	1.166895e-08	1.195823e-08	1.224752e-08
1.002949e-08	1.031416e-08	1.059882e-08	1.088349e-08	1.116816e-08	1.145283e-08	1.173750e-08	1.202216e-08	1.230683e-08
9.866385e-09	1.015422e-08	1.044205e-08	1.072989e-08	1.101772e-08	1.130556e-08	1.159340e-08	1.188123e-08	1.216907e-08
9.775709e-09	1.005611e-08	1.033651e-08	1.061691e-08	1.089730e-08	1.117770e-08	1.145810e-08	1.173850e-08	1.201890e-08
9.647385e-09	9.925220e-09	1.020305e-08	1.048089e-08	1.075872e-08	1.103656e-08	1.131439e-08	1.159223e-08	1.187007e-08
9.729113e-09	9.992556e-09	1.025600e-08	1.051944e-08	1.078288e-08	1.104633e-08	1.130977e-08	1.157321e-08	1.183666e-08
9.511422e-09	9.790964e-09	1.007051e-08	1.035005e-08	1.062959e-08	1.090913e-08	1.118867e-08	1.146822e-08	1.174776e-08
9.558704e-09	9.813248e-09	1.006779e-08	1.032234e-08	1.057688e-08	1.083142e-08	1.108597e-08	1.134051e-08	1.159506e-08
9.473945e-09	9.762540e-09	1.005114e-08	1.033973e-08	1.062833e-08	1.091692e-08	1.120552e-08	1.149411e-08	1.178271e-08
9.343778e-09	9.628336e-09	9.912894e-09	1.019745e-08	1.048201e-08	1.076657e-08	1.105113e-08	1.133568e-08	1.162024e-08
9.356950e-09	9.623600e-09	9.890250e-09	1.015690e-08	1.042355e-08	1.069020e-08	1.095685e-08	1.122350e-08	1.149015e-08
9.207457e-09	9.488284e-09	9.769111e-09	1.004994e-08	1.033076e-08	1.061159e-08	1.089242e-08	1.117325e-08	1.145407e-08
9.184462e-09	9.458344e-09	9.732226e-09	1.000611e-08	1.027999e-08	1.055387e-08	1.082775e-08	1.110164e-08	1.137552e-08
9.122748e-09	9.391576e-09	9.660404e-09	9.929232e-09	1.019806e-08	1.046689e-08	1.073572e-08	1.100454e-08	1.127337e-08
9.147328e-09	9.413836e-09	9.680344e-09	9.946852e-09	1.021336e-08	1.047987e-08	1.074638e-08	1.101288e-08	1.127939e-08
9.004279e-09	9.256948e-09	9.509617e-09	9.762286e-09	1.001495e-08	1.026762e-08	1.052029e-08	1.077296e-08	1.102563e-08
9.060446e-09	9.310552e-09	9.560658e-09	9.810764e-09	1.006087e-08	1.031098e-08	1.056108e-08	1.081119e-08	1.106129e-08
8.870385e-09	9.148720e-09	9.427055e-09	9.705390e-09	9.983725e-09	1.026206e-08	1.054039e-08	1.081873e-08	1.109706e-08
8.886169e-09	9.138428e-09	9.390687e-09	9.642946e-09	9.895205e-09	1.014746e-08	1.039972e-08	1.065198e-08	1.090424e-08
8.841446e-09	9.095752e-09	9.350058e-09	9.604364e-09	9.858670e-09	1.011298e-08	1.036728e-08	1.062159e-08	1.087589e-08
8.834671e-09	9.097052e-09	9.359433e-09	9.621814e-09	9.884195e-09	1.014658e-08	1.040896e-08	1.067134e-08	1.093372e-08
8.683864e-09	8.938768e-09	9.193672e-09	9.448576e-09	9.703480e-09	9.958384e-09	1.021329e-08	1.046819e-08	1.072310e-08
8.456293e-09	8.741516e-09	9.026739e-09	9.311962e-09	9.597185e-09	9.882408e-09	1.016763e-08	1.045285e-08	1.073808e-08
8.477294e-09	8.761928e-09	9.046562e-09	9.331196e-09	9.615830e-09	9.900464e-09	1.018510e-08	1.046973e-08	1.075437e-08
8.545436e-09	8.795232e-09	9.045028e-09	9.294824e-09	9.544620e-09	9.794416e-09	1.004421e-08	1.029401e-08	1.054380e-08
8.388023e-09	8.653576e-09	8.919129e-09	9.184682e-09	9.450235e-09	9.715788e-09	9.981341e-09	1.024689e-08	1.051245e-08
8.465237e-09	8.689244e-09	8.913251e-09	9.137258e-09	9.361265e-09	9.585272e-09	9.809279e-09	1.003329e-08	1.025729e-08
8.347405e-09	8.593460e-09	8.839515e-09	9.085570e-09	9.331625e-09	9.577680e-09	9.823735e-09	1.006979e-08	1.031584e-08
8.196446e-09	8.463552e-09	8.730658e-09	8.997764e-09	9.264870e-09	9.531976e-09	9.799082e-09	1.006619e-08	1.033329e-08
8.152629e-09	8.408548e-09	8.664467e-09	8.920386e-09	9.176305e-09	9.432224e-09	9.688143e-09	9.944062e-09	1.019998e-08
8.075743e-09	8.336916e-09	8.598089e-09	8.859262e-09	9.120435e-09	9.381608e-09	9.642781e-09	9.903954e-09	1.016513e-08
8.015597e-09	8.268864e-09	8.522131e-09	8.775398e-09	9.028665e-09	9.281932e-09	9.535199e-09	9.788466e-09	1.004173e-08
7.908930e-09	8.177460e-09	8.445990e-09	8.714520e-09	8.983050e-09	9.251580e-09	9.520110e-09	9.788640e-09	1.005717e-08
7.911657e-09	8.152484e-09	8.393311e-09	8.634138e-09	8.874965e-09	9.115792e-09	9.356619e-09	9.597446e-09	9.838273e-09
7.976870e-09	8.224040e-09	8.471210e-09	8.718380e-09	8.965550e-09	9.212720e-09	9.459890e-09	9.707060e-09	9.954230e-09
7.899344e-09	8.139028e-09	8.378712e-09	8.618396e-09	8.858080e-09	9.097764e-09	9.337448e-09	9.577132e-09	9.816816e-09
7.907423e-09	8.144576e-09	8.381729e-09	8.618882e-09	8.856035e-09	9.093188e-09	9.330341e-09	9.567494e-09	9.804647e-09
7.689571e-09	7.949152e-09	8.208733e-09	8.468314e-09	8.727895e-09	8.987476e-09	9.247057e-09	9.506638e-09	9.766219e-09
7.679591e-09	7.938092e-09	8.196593e-09	8.455094e-09	8.713595e-09	8.972096e-09	9.230597e-09	9.489098e-09	9.747599e-09
7.769997e-09	8.019864e-09	8.269731e-09	8.519598e-09	8.769465e-09	9.019332e-09	9.269199e-09	9.519066e-09	9.768933e-09
7.585355e-09	7.833970e-09	8.082585e-09	8.331200e-09	8.579815e-09	8.828430e-09	9.077045e-09	9.325660e-09	9.574275e-09
7.655137e-09	7.911194e-09	8.167251e-09	8.423308e-09	8.679365e-09	8.935422e-09	9.191479e-09	9.447536e-09	9.703593e-09
7.518685e-09	7.764870e-09	8.011055e-09	8.257240e-09	8.503425e-09	8.749610e-09	8.995795e-09	9.241980e-09	9.488165e-09
7.478563e-09	7.709896e-09	7.941229e-09	8.172562e-09	8.403895e-09	8.635228e-09	8.866561e-09	9.097894e-09	9.329227e-09
7.388136e-09	7.632932e-09	7.877728e-09	8.122524e-09	8.367320e-09	8.612116e-09	8.856912e-09	9.101708e-09	9.346504e-09
7.356309e-09	7.619968e-09	7.883627e-09	8.147286e-09	8.410945e-09	8.674604e-09	8.938263e-09	9.201922e-09	9.465581e-09
7.271615e-09	7.511290e-09	7.750965e-09	7.990640e-09	8.230315e-09	8.469990e-09	8.709665e-09	8.949340e-09	9.189015e-09
7.222305e-09	7.446760e-09	7.671215e-09	7.895670e-09	8.120125e-09	8.344580e-09	8.569035e-09	8.793490e-09	9.017945e-09
7.286317e-09	7.524824e-09	7.763331e-09	8.001838e-09	8.240345e-09	8.478852e-09	8.717359e-09	8.955866e-09	9.194373e-09
7.171202e-09	7.423764e-09	7.676326e-09	7.928888e-09	8.181450e-09	8.434012e-09	8.686574e-09	8.939136e-09	9.191698e-09
7.067497e-09	7.306504e-09	7.545511e-09	7.784518e-09	8.023525e-09	8.262532e-09	8.501539e-09	8.740546e-09	8.979553e-09
7.201375e-09	7.421110e-09	7.640845e-09	7.860580e-09	8.080315e-09	8.300050e-09	8.519785e-09	8.739520e-09	8.959255e-09
7.112296e-09	7.351912e-09	7.591528e-09	7.831144e-09	8.070760e-09	8.310376e-09	8.549992e-09	8.789608e-09	9.029224e-09
6.986961e-09	7.221622e-09	7.456283e-09	7.690944e-09	7.925605e-09	8.160266e-09	8.394927e-09	8.629588e-09	8.864249e-09
6.819583e-09	7.062586e-09	7.305589e-09	7.548592e-09	7.791595e-09	8.034598e-09	8.277601e-09	8.520604e-09	8.763607e-09
6.817791e-09	7.047922e-09	7.278053e-09	7.508184e-09	7.738315e-09	7.968446e-09	8.198577e-09	8.428708e-09	8.658839e-09
6.865561e-09	7.077402e-09	7.289243e-09	7.501084e-09	7.712925e-09	7.924766e-09	8.136607e-09	8.348448e-09	8.560289e-09
6.867363e-09	7.098506e-09	7.329649e-09	7.560792e-09	7.791935e-09	8.023078e-09	8.254221e-09	8.485364e-09	8.716507e-09
6.763800e-09	6.988570e-09	7.213340e-09	7.438110e-09	7.662880e-09	7.887650e-09	8.112420e-09	8.337190e-09	8.561960e-09
6.683617e-09	6.935594e-09	7.187571e-09	7.439548e-09	7.691525e-09	7.943502e-09	8.195479e-09	8.447456e-09	8.699433e-09
6.598372e-09	6.823004e-09	7.047636e-09	7.272268e-09	7.496900e-09	7.721532e-09	7.946164e-09	8.170796e-09	8.395428e-09
6.650010e-09	6.891760e-09	7.133510e-09	7.375260e-09	7.617010e-09	7.858760e-09	8.100510e-09	8.342260e-09	8.584010e-09
6.576503e-09	6.804206e-09	7.031909e-09	7.259612e-09	7.487315e-09	7.715018e-09	7.942721e-09	8.170424e-09	8.398127e-09
6.491035e-09	6.723170e-09	6.955305e-09	7.187440e-09	7.419575e-09	7.651710e-09	7.883845e-09	8.115980e-09	8.348115e-09
6.560562e-09	6.798134e-09	7.035706e-09	7.273278e-09	7.510850e-09	7.748422e-09	7.985994e-09	8.223566e-09	8.461138e-09
6.428647e-09	6.654544e-09	6.880441e-09	7.106338e-09	7.332235e-09	7.558132e-09	7.784029e-09	8.009926e-09	8.235823e-09
6.471027e-09	6.683274e-09	6.895521e-09	7.107768e-09	7.320015e-09	7.532262e-09	7.744509e-09	7.956756e-09	8.169003e-09
6.357285e-09	6.592320e-09	6.827355e-09	7.062390e-09	7.297425e-09	7.532460e-09	7.767495e-09	8.002530e-09	8.237565e-09
6.398190e-09	6.617650e-09	6.837110e-09	7.056570e-09	7.276030e-09	7.495490e-09	7.714950e-09	7.934410e-09	8.153870e-09
6.225920e-09	6.451200e-09	6.676480e-09	6.901760e-09	7.127040e-09	7.352320e-09	7.577600e-09	7.802880e-09	8.028160e-09
6.264112e-09	6.483844e-09	6.703576e-09	6.923308e-09	7.143040e-09	7.362772e-09	7.582504e-09	7.802236e-09	8.021968e-09
6.174307e-09	6.409384e-09	6.644461e-09	6.879538e-09	7.114615e-09	7.349692e-09	7.584769e-09	7.819846e-09	8.054923e-09
6.134450e-09	6.352260e-09	6.570070e-09	6.787880e-09	7.005690e-09	7.223500e-09	7.441310e-09	7.659120e-09	7.876930e-09
6.051254e-09	6.270308e-09	6.489362e-09	6.708416e-09	6.927470e-09	7.146524e-09	7.365578e-09	7.584632e-09	7.803686e-09
6.141179e-09	6.345598e-09	6.550017e-09	6.754436e-09	6.958855e-09	7.163274e-09	7.367693e-09	7.572112e-09	7.776531e-09
5.973647e-09	6.191624e-09	6.409601e-09	6.627578e-09	6.845555e-09	7.063532e-09	7.281509e-09	7.499486e-09	7.717463e-09
5.941841e-09	6.173512e-09	6.405183e-09	6.636854e-09	6.868525e-09	7.100196e-09	7.331867e-09	7.563538e-09	7.795209e-09
5.841383e-09	6.071726e-09	6.302069e-09	6.532412e-09	6.762755e-09	6.993098e-09	7.223441e-09	7.453784e-09	7.684127e-09
5.851109e-09	6.068208e-09	6.285307e-09	6.502406e-09	6.719505e-09	6.936604e-09	7.153703e-09	7.370802e-09	7.587901e-09
5.800692e-09	6.008754e-09	6.216816e-09	6.424878e-09	6.632940e-09	6.841002e-09	7.049064e-09	7.257126e-09	7.465188e-09
5.797310e-09	6.022000e-09	6.246690e-09	6.471380e-09	6.696070e-09	6.920760e-09	7.145450e-09	7.370140e-09	7.594830e-09
5.698474e-09	5.922698e-09	6.146922e-09	6.371146e-09	6.595370e-09	6.819594e-09	7.043818e-09	7.268042e-09	7.492266e-09
5.749466e-09	5.971092e-09	6.192718e-09	6.414344e-09	6.635970e-09	6.857596e-09	7.079222e-09	7.300848e-09	7.522474e-09
5.775680e-09	5.966000e-09	6.156320e-09	6.346640e-09	6.536960e-09	6.727280e-09	6.917600e-09	7.107920e-09	7.298240e-09
5.592532e-09	5.824614e-09	6.056696e-09	6.288778e-09	6.520860e-09	6.752942e-09	6.985024e-09	7.217106e-09	7.449188e-09
5.542245e-09	5.779750e-09	6.017255e-09	6.254760e-09	6.492265e-09	6.729770e-09	6.967275e-09	7.204780e-09	7.442285e-09
5.522972e-09	5.734954e-09	5.946936e-09	6.158918e-09	6.370900e-09	6.582882e-09	6.794864e-09	7.006846e-09	7.218828e-09
5.466566e-09	5.678762e-09	5.890958e-09	6.103154e-09	6.315350e-09	6.527546e-09	6.739742e-09	6.951938e-09	7.164134e-09
5.532263e-09	5.735306e-09	5.938349e-09	6.141392e-09	6.344435e-09	6.547478e-09	6.750521e-09	6.953564e-09	7.156607e-09
5.468998e-09	5.678486e-09	5.887974e-09	6.097462e-09	6.306950e-09	6.516438e-09	6.725926e-09	6.935414e-09	7.144902e-09
5.383266e-09	5.599892e-09	5.816518e-09	6.033144e-09	6.249770e-09	6.466396e-09	6.683022e-09	6.899648e-09	7.116274e-09
5.359016e-09	5.567242e-09	5.775468e-09	5.983694e-09	6.191920e-09	6.400146e-09	6.608372e-09	6.816598e-09	7.024824e-09
5.350873e-09	5.561036e-09	5.771199e-09	5.981362e-09	6.191525e-09	6.401688e-09	6.611851e-09	6.822014e-09	7.032177e-09
5.268110e-09	5.476670e-09	5.685230e-09	5.893790e-09	6.102350e-09	6.310910e-09	6.519470e-09	6.728030e-09	6.936590e-09
5.353295e-09	5.557780e-09	5.762265e-09	5.966750e-09	6.171235e-09	6.375720e-09	6.580205e-09	6.784690e-09	6.989175e-09
5.221544e-09	5.422198e-09	5.622852e-09	5.823506e-09	6.024160e-09	6.224814e-09	6.425468e-09	6.626122e-09	6.826776e-09
5.195829e-09	5.411548e-09	5.627267e-09	5.842986e-09	6.058705e-09	6.274424e-09	6.490143e-09	6.705862e-09	6.921581e-09
5.233480e-09	5.438880e-09	5.644280e-09	5.849680e-09	6.055080e-09	6.260480e-09	6.465880e-09	6.671280e-09	6.876680e-09
5.104213e-09	5.293426e-09	5.482639e-09	5.671852e-09	5.861065e-09	6.050278e-09	6.239491e-09	6.428704e-09	6.617917e-09
5.118177e-09	5.317954e-09	5.517731e-09	5.717508e-09	5.917285e-09	6.117062e-09	6.316839e-09	6.516616e-09	6.716393e-09
5.066663e-09	5.263766e-09	5.460869e-09	5.657972e-09	5.855075e-09	6.052178e-09	6.249281e-09	6.446384e-09	6.643487e-09
5.057858e-09	5.267526e-09	5.477194e-09	5.686862e-09	5.896530e-09	6.106198e-09	6.315866e-09	6.525534e-09	6.735202e-09
4.960174e-09	5.165728e-09	5.371282e-09	5.576836e-09	5.782390e-09	5.987944e-09	6.193498e-09	6.399052e-09	6.604606e-09
4.957518e-09	5.167146e-09	5.376774e-09	5.586402e-09	5.796030e-09	6.005658e-09	6.215286e-09	6.424914e-09	6.634542e-09
4.899022e-09	5.109264e-09	5.319506e-09	5.529748e-09	5.739990e-09	5.950232e-09	6.160474e-09	6.370716e-09	6.580958e-09
4.971358e-09	5.174726e-09	5.378094e-09	5.581462e-09	5.784830e-09	5.988198e-09	6.191566e-09	6.394934e-09	6.598302e-09
4.929439e-09	5.131368e-09	5.333297e-09	5.535226e-09	5.737155e-09	5.939084e-09	6.141013e-09	6.342942e-09	6.544871e-09
4.723092e-09	4.924794e-09	5.126496e-09	5.328198e-09	5.529900e-09	5.731602e-09	5.933304e-09	6.135006e-09	6.336708e-09
4.745078e-09	4.939586e-09	5.134094e-09	5.328602e-09	5.523110e-09	5.717618e-09	5.912126e-09	6.106634e-09	6.301142e-09
4.745598e-09	4.941006e-09	5.136414e-09	5.331822e-09	5.527230e-09	5.722638e-09	5.918046e-09	6.113454e-09	6.308862e-09
4.638817e-09	4.859314e-09	5.079811e-09	5.300308e-09	5.520805e-09	5.741302e-09	5.961799e-09	6.182296e-09	6.402793e-09
4.606395e-09	4.817180e-09	5.027965e-09	5.238750e-09	5.449535e-09	5.660320e-09	5.871105e-09	6.081890e-09	6.292675e-09
4.500481e-09	4.705342e-09	4.910203e-09	5.115064e-09	5.319925e-09	5.524786e-09	5.729647e-09	5.934508e-09	6.139369e-09
4.636761e-09	4.832532e-09	5.028303e-09	5.224074e-09	5.419845e-09	5.615616e-09	5.811387e-09	6.007158e-09	6.202929e-09
4.468951e-09	4.675572e-09	4.882193e-09	5.088814e-09	5.295435e-09	5.502056e-09	5.708677e-09	5.915298e-09	6.121919e-09
4.510494e-09	4.717028e-09	4.923562e-09	5.130096e-09	5.336630e-09	5.543164e-09	5.749698e-09	5.956232e-09	6.162766e-09
4.572599e-09	4.755118e-09	4.937637e-09	5.120156e-09	5.302675e-09	5.485194e-09	5.667713e-09	5.850232e-09	6.032751e-09
4.381730e-09	4.586350e-09	4.790970e-09	4.995590e-09	5.200210e-09	5.404830e-09	5.609450e-09	5.814070e-09	6.018690e-09
4.393711e-09	4.590592e-09	4.787473e-09	4.984354e-09	5.181235e-09	5.378116e-09	5.574997e-09	5.771878e-09	5.968759e-09
4.382892e-09	4.575914e-09	4.768936e-09	4.961958e-09	5.154980e-09	5.348002e-09	5.541024e-09	5.734046e-09	5.927068e-09
4.362495e-09	4.565450e-09	4.768405e-09	4.971360e-09	5.174315e-09	5.377270e-09	5.580225e-09	5.783180e-09	5.986135e-09
4.308731e-09	4.507372e-09	4.706013e-09	4.904654e-09	5.103295e-09	5.301936e-09	5.500577e-09	5.699218e-09	5.897859e-09
4.255706e-09	4.455572e-09	4.655438e-09	4.855304e-09	5.055170e-09	5.255036e-09	5.454902e-09	5.654768e-09	5.854634e-09
4.248202e-09	4.437934e-09	4.627666e-09	4.817398e-09	5.007130e-09	5.196862e-09	5.386594e-09	5.576326e-09	5.766058e-09
4.169501e-09	4.358112e-09	4.546723e-09	4.735334e-09	4.923945e-09	5.112556e-09	5.301167e-09	5.489778e-09	5.678389e-09
4.209701e-09	4.379692e-09	4.549683e-09	4.719674e-09	4.889665e-09	5.059656e-09	5.229647e-09	5.399638e-09	5.569629e-09
4.163276e-09	4.371932e-09	4.580588e-09	4.789244e-09	4.997900e-09	5.206556e-09	5.415212e-09	5.623868e-09	5.832524e-09
4.083519e-09	4.258368e-09	4.433217e-09	4.608066e-09	4.782915e-09	4.957764e-09	5.132613e-09	5.307462e-09	5.482311e-09
4.116871e-09	4.312362e-09	4.507853e-09	4.703344e-09	4.898835e-09	5.094326e-09	5.289817e-09	5.485308e-09	5.680799e-09
4.048636e-09	4.235732e-09	4.422828e-09	4.609924e-09	4.797020e-09	4.984116e-09	5.171212e-09	5.358308e-09	5.545404e-09
4.083614e-09	4.263798e-09	4.443982e-09	4.624166e-09	4.804350e-09	4.984534e-09	5.164718e-09	5.344902e-09	5.525086e-09
3.926164e-09	4.125078e-09	4.323992e-09	4.522906e-09	4.721820e-09	4.920734e-09	5.119648e-09	5.318562e-09	5.517476e-09
3.948492e-09	4.150364e-09	4.352236e-09	4.554108e-09	4.755980e-09	4.957852e-09	5.159724e-09	5.361596e-09	5.563468e-09
3.929524e-09	4.114458e-09	4.299392e-09	4.484326e-09	4.669260e-09	4.854194e-09	5.039128e-09	5.224062e-09	5.408996e-09
3.859714e-09	4.069558e-09	4.279402e-09	4.489246e-09	4.699090e-09	4.908934e-09	5.118778e-09	5.328622e-09	5.538466e-09
3.877194e-09	4.076328e-09	4.275462e-09	4.474596e-09	4.673730e-09	4.872864e-09	5.071998e-09	5.271132e-09	5.470266e-09
3.856979e-09	4.032648e-09	4.208317e-09	4.383986e-09	4.559655e-09	4.735324e-09	4.910993e-09	5.086662e-09	5.262331e-09
3.807763e-09	3.999586e-09	4.191409e-09	4.383232e-09	4.575055e-09	4.766878e-09	4.958701e-09	5.150524e-09	5.342347e-09
3.717226e-09	3.903862e-09	4.090498e-09	4.277134e-09	4.463770e-09	4.650406e-09	4.837042e-09	5.023678e-09	5.210314e-09
3.769406e-09	3.955242e-09	4.141078e-09	4.326914e-09	4.512750e-09	4.698586e-09	4.884422e-09	5.070258e-09	5.256094e-09
3.777835e-09	3.970920e-09	4.164005e-09	4.357090e-09	4.550175e-09	4.743260e-09	4.936345e-09	5.129430e-09	5.322515e-09
3.708398e-09	3.891896e-09	4.075394e-09	4.258892e-09	4.442390e-09	4.625888e-09	4.809386e-09	4.992884e-09	5.176382e-09
3.652971e-09	3.835232e-09	4.017493e-09	4.199754e-09	4.382015e-09	4.564276e-09	4.746537e-09	4.928798e-09	5.111059e-09
3.629420e-09	3.826510e-09	4.023600e-09	4.220690e-09	4.417780e-09	4.614870e-09	4.811960e-09	5.009050e-09	5.206140e-09
3.614220e-09	3.812190e-09	4.010160e-09	4.208130e-09	4.406100e-09	4.604070e-09	4.802040e-09	5.000010e-09	5.197980e-09
3.590666e-09	3.768702e-09	3.946738e-09	4.124774e-09	4.302810e-09	4.480846e-09	4.658882e-09	4.836918e-09	5.014954e-09
3.499035e-09	3.694030e-09	3.889025e-09	4.084020e-09	4.279015e-09	4.474010e-09	4.669005e-09	4.864000e-09	5.058995e-09
3.539818e-09	3.716446e-09	3.893074e-09	4.069702e-09	4.246330e-09	4.422958e-09	4.599586e-09	4.776214e-09	4.952842e-09
3.550555e-09	3.729880e-09	3.909205e-09	4.088530e-09	4.267855e-09	4.447180e-09	4.626505e-09	4.805830e-09	4.985155e-09
3.417290e-09	3.607050e-09	3.796810e-09	3.986570e-09	4.176330e-09	4.366090e-09	4.555850e-09	4.745610e-09	4.935370e-09
3.457374e-09	3.634028e-09	3.810682e-09	3.987336e-09	4.163990e-09	4.340644e-09	4.517298e-09	4.693952e-09	4.870606e-09
3.412671e-09	3.589132e-09	3.765593e-09	3.942054e-09	4.118515e-09	4.294976e-09	4.471437e-09	4.647898e-09	4.824359e-09
3.401747e-09	3.600494e-09	3.799241e-09	3.997988e-09	4.196735e-09	4.395482e-09	4.594229e-09	4.792976e-09	4.991723e-09
3.316688e-09	3.490456e-09	3.664224e-09	3.837992e-09	4.011760e-09	4.185528e-09	4.359296e-09	4.533064e-09	4.706832e-09
3.394328e-09	3.575126e-09	3.755924e-09	3.936722e-09	4.117520e-09	4.298318e-09	4.479116e-09	4.659914e-09	4.840712e-09
3.343592e-09	3.523214e-09	3.702836e-09	3.882458e-09	4.062080e-09	4.241702e-09	4.421324e-09	4.600946e-09	4.780568e-09
3.262415e-09	3.451500e-09	3.640585e-09	3.829670e-09	4.018755e-09	4.207840e-09	4.396925e-09	4.586010e-09	4.775095e-09
3.204380e-09	3.381280e-09	3.558180e-09	3.735080e-09	3.911980e-09	4.088880e-09	4.265780e-09	4.442680e-09	4.619580e-09
3.242418e-09	3.420596e-09	3.598774e-09	3.776952e-09	3.955130e-09	4.133308e-09	4.311486e-09	4.489664e-09	4.667842e-09
3.141357e-09	3.333174e-09	3.524991e-09	3.716808e-09	3.908625e-09	4.100442e-09	4.292259e-09	4.484076e-09	4.675893e-09
3.118238e-09	3.291336e-09	3.464434e-09	3.637532e-09	3.810630e-09	3.983728e-09	4.156826e-09	4.329924e-09	4.503022e-09
3.145004e-09	3.328838e-09	3.512672e-09	3.696506e-09	3.880340e-09	4.064174e-09	4.248008e-09	4.431842e-09	4.615676e-09
3.099249e-09	3.279588e-09	3.459927e-09	3.640266e-09	3.820605e-09	4.000944e-09	4.181283e-09	4.361622e-09	4.541961e-09
3.078256e-09	3.268722e-09	3.459188e-09	3.649654e-09	3.840120e-09	4.030586e-09	4.221052e-09	4.411518e-09	4.601984e-09
3.077925e-09	3.247720e-09	3.417515e-09	3.587310e-09	3.757105e-09	3.926900e-09	4.096695e-09	4.266490e-09	4.436285e-09
3.113060e-09	3.289770e-09	3.466480e-09	3.643190e-09	3.819900e-09	3.996610e-09	4.173320e-09	4.350030e-09	4.526740e-09
2.982212e-09	3.174374e-09	3.366536e-09	3.558698e-09	3.750860e-09	3.943022e-09	4.135184e-09	4.327346e-09	4.519508e-09
2.945093e-09	3.135096e-09	3.325099e-09	3.515102e-09	3.705105e-09	3.895108e-09	4.085111e-09	4.275114e-09	4.465117e-09
2.971783e-09	3.135536e-09	3.299289e-09	3.463042e-09	3.626795e-09	3.790548e-09	3.954301e-09	4.118054e-09	4.281807e-09
2.916469e-09	3.083368e-09	3.250267e-09	3.417166e-09	3.584065e-09	3.750964e-09	3.917863e-09	4.084762e-09	4.251661e-09
2.908984e-09	3.091918e-09	3.274852e-09	3.457786e-09	3.640720e-09	3.823654e-09	4.006588e-09	4.189522e-09	4.372456e-09
2.905520e-09	3.079440e-09	3.253360e-09	3.427280e-09	3.601200e-09	3.775120e-09	3.949040e-09	4.122960e-09	4.296880e-09
2.724429e-09	2.919018e-09	3.113607e-09	3.308196e-09	3.502785e-09	3.697374e-09	3.891963e-09	4.086552e-09	4.281141e-09
2.835498e-09	3.007596e-09	3.179694e-09	3.351792e-09	3.523890e-09	3.695988e-09	3.868086e-09	4.040184e-09	4.212282e-09
2.800072e-09	2.982134e-09	3.164196e-09	3.346258e-09	3.528320e-09	3.710382e-09	3.892444e-09	4.074506e-09	4.256568e-09
2.777755e-09	2.943300e-09	3.108845e-09	3.274390e-09	3.439935e-09	3.605480e-09	3.771025e-09	3.936570e-09	4.102115e-09
2.801835e-09	2.979050e-09	3.156265e-09	3.333480e-09	3.510695e-09	3.687910e-09	3.865125e-09	4.042340e-09	4.219555e-09
2.753620e-09	2.916580e-09	3.079540e-09	3.242500e-09	3.405460e-09	3.568420e-09	3.731380e-09	3.894340e-09	4.057300e-09
2.643669e-09	2.813928e-09	2.984187e-09	3.154446e-09	3.324705e-09	3.494964e-09	3.665223e-09	3.835482e-09	4.005741e-09
2.621717e-09	2.794784e-09	2.967851e-09	3.140918e-09	3.313985e-09	3.487052e-09	3.660119e-09	3.833186e-09	4.006253e-09
2.658476e-09	2.839592e-09	3.020708e-09	3.201824e-09	3.382940e-09	3.564056e-09	3.745172e-09	3.926288e-09	4.107404e-09
2.571205e-09	2.744470e-09	2.917735e-09	3.091000e-09	3.264265e-09	3.437530e-09	3.610795e-09	3.784060e-09	3.957325e-09
2.543206e-09	2.725192e-09	2.907178e-09	3.089164e-09	3.271150e-09	3.453136e-09	3.635122e-09	3.817108e-09	3.999094e-09
2.535862e-09	2.718754e-09	2.901646e-09	3.084538e-09	3.267430e-09	3.450322e-09	3.633214e-09	3.816106e-09	3.998998e-09
2.554409e-09	2.729238e-09	2.904067e-09	3.078896e-09	3.253725e-09	3.428554e-09	3.603383e-09	3.778212e-09	3.953041e-09
2.477574e-09	2.646098e-09	2.814622e-09	2.983146e-09	3.151670e-09	3.320194e-09	3.488718e-09	3.657242e-09	3.825766e-09
2.546281e-09	2.709002e-09	2.871723e-09	3.034444e-09	3.197165e-09	3.359886e-09	3.522607e-09	3.685328e-09	3.848049e-09
2.493151e-09	2.672862e-09	2.852573e-09	3.032284e-09	3.211995e-09	3.391706e-09	3.571417e-09	3.751128e-09	3.930839e-09
2.402808e-09	2.574316e-09	2.745824e-09	2.917332e-09	3.088840e-09	3.260348e-09	3.431856e-09	3.603364e-09	3.774872e-09
2.390638e-09	2.573816e-09	2.756994e-09	2.940172e-09	3.123350e-09	3.306528e-09	3.489706e-09	3.672884e-09	3.856062e-09
2.379869e-09	2.540558e-09	2.701247e-09	2.861936e-09	3.022625e-09	3.183314e-09	3.344003e-09	3.504692e-09	3.665381e-09
2.411934e-09	2.578778e-09	2.745622e-09	2.912466e-09	3.079310e-09	3.246154e-09	3.412998e-09	3.579842e-09	3.746686e-09
2.438232e-09	2.607814e-09	2.777396e-09	2.946978e-09	3.116560e-09	3.286142e-09	3.455724e-09	3.625306e-09	3.794888e-09
2.334801e-09	2.524842e-09	2.714883e-09	2.904924e-09	3.094965e-09	3.285006e-09	3.475047e-09	3.665088e-09	3.855129e-09
2.317227e-09	2.486224e-09	2.655221e-09	2.824218e-09	2.993215e-09	3.162212e-09	3.331209e-09	3.500206e-09	3.669203e-09
2.231952e-09	2.414634e-09	2.597316e-09	2.779998e-09	2.962680e-09	3.145362e-09	3.328044e-09	3.510726e-09	3.693408e-09
2.207283e-09	2.381966e-09	2.556649e-09	2.731332e-09	2.906015e-09	3.080698e-09	3.255381e-09	3.430064e-09	3.604747e-09
2.278015e-09	2.452130e-09	2.626245e-09	2.800360e-09	2.974475e-09	3.148590e-09	3.322705e-09	3.496820e-09	3.670935e-09
2.200491e-09	2.380662e-09	2.560833e-09	2.741004e-09	2.921175e-09	3.101346e-09	3.281517e-09	3.461688e-09	3.641859e-09
2.230174e-09	2.403548e-09	2.576922e-09	2.750296e-09	2.923670e-09	3.097044e-09	3.270418e-09	3.443792e-09	3.617166e-09
2.198569e-09	2.368808e-09	2.539047e-09	2.709286e-09	2.879525e-09	3.049764e-09	3.220003e-09	3.390242e-09	3.560481e-09
2.157533e-09	2.327566e-09	2.497599e-09	2.667632e-09	2.837665e-09	3.007698e-09	3.177731e-09	3.347764e-09	3.517797e-09
2.081097e-09	2.246514e-09	2.411931e-09	2.577348e-09	2.742765e-09	2.908182e-09	3.073599e-09	3.239016e-09	3.404433e-09
2.070503e-09	2.235746e-09	2.400989e-09	2.566232e-09	2.731475e-09	2.896718e-09	3.061961e-09	3.227204e-09	3.392447e-09
2.014363e-09	2.189046e-09	2.363729e-09	2.538412e-09	2.713095e-09	2.887778e-09	3.062461e-09	3.237144e-09	3.411827e-09
1.966084e-09	2.150538e-09	2.334992e-09	2.519446e-09	2.703900e-09	2.888354e-09	3.072808e-09	3.257262e-09	3.441716e-09
1.976246e-09	2.149512e-09	2.322778e-09	2.496044e-09	2.669310e-09	2.842576e-09	3.015842e-09	3.189108e-09	3.362374e-09
1.956611e-09	2.134232e-09	2.311853e-09	2.489474e-09	2.667095e-09	2.844716e-09	3.022337e-09	3.199958e-09	3.377579e-09
1.981146e-09	2.153712e-09	2.326278e-09	2.498844e-09	2.671410e-09	2.843976e-09	3.016542e-09	3.189108e-09	3.361674e-09
1.995802e-09	2.160844e-09	2.325886e-09	2.490928e-09	2.655970e-09	2.821012e-09	2.986054e-09	3.151096e-09	3.316138e-09
1.974172e-09	2.129824e-09	2.285476e-09	2.441128e-09	2.596780e-09	2.752432e-09	2.908084e-09	3.063736e-09	3.219388e-09
1.901061e-09	2.078202e-09	2.255343e-09	2.432484e-09	2.609625e-09	2.786766e-09	2.963907e-09	3.141048e-09	3.318189e-09
1.819573e-09	1.994056e-09	2.168539e-09	2.343022e-09	2.517505e-09	2.691988e-09	2.866471e-09	3.040954e-09	3.215437e-09
1.814813e-09	1.986156e-09	2.157499e-09	2.328842e-09	2.500185e-09	2.671528e-09	2.842871e-09	3.014214e-09	3.185557e-09
1.878310e-09	2.050560e-09	2.222810e-09	2.395060e-09	2.567310e-09	2.739560e-09	2.911810e-09	3.084060e-09	3.256310e-09
1.793484e-09	1.954868e-09	2.116252e-09	2.277636e-09	2.439020e-09	2.600404e-09	2.761788e-09	2.923172e-09	3.084556e-09
1.778115e-09	1.949540e-09	2.120965e-09	2.292390e-09	2.463815e-09	2.635240e-09	2.806665e-09	2.978090e-09	3.149515e-09
1.768782e-09	1.942554e-09	2.116326e-09	2.290098e-09	2.463870e-09	2.637642e-09	2.811414e-09	2.985186e-09	3.158958e-09
1.751791e-09	1.925462e-09	2.099133e-09	2.272804e-09	2.446475e-09	2.620146e-09	2.793817e-09	2.967488e-09	3.141159e-09
1.738403e-09	1.895136e-09	2.051869e-09	2.208602e-09	2.365335e-09	2.522068e-09	2.678801e-09	2.835534e-09	2.992267e-09
1.690763e-09	1.866046e-09	2.041329e-09	2.216612e-09	2.391895e-09	2.567178e-09	2.742461e-09	2.917744e-09	3.093027e-09
1.694545e-09	1.866310e-09	2.038075e-09	2.209840e-09	2.381605e-09	2.553370e-09	2.725135e-09	2.896900e-09	3.068665e-09
1.644208e-09	1.822756e-09	2.001304e-09	2.179852e-09	2.358400e-09	2.536948e-09	2.715496e-09	2.894044e-09	3.072592e-09
1.606379e-09	1.788178e-09	1.969977e-09	2.151776e-09	2.333575e-09	2.515374e-09	2.697173e-09	2.878972e-09	3.060771e-09
1.528103e-09	1.713076e-09	1.898049e-09	2.083022e-09	2.267995e-09	2.452968e-09	2.637941e-09	2.822914e-09	3.007887e-09
1.549763e-09	1.717866e-09	1.885969e-09	2.054072e-09	2.222175e-09	2.390278e-09	2.558381e-09	2.726484e-09	2.894587e-09
1.500370e-09	1.677810e-09	1.855250e-09	2.032690e-09	2.210130e-09	2.387570e-09	2.565010e-09	2.742450e-09	2.919890e-09
1.538072e-09	1.716614e-09	1.895156e-09	2.073698e-09	2.252240e-09	2.430782e-09	2.609324e-09	2.787866e-09	2.966408e-09
1.524258e-09	1.687176e-09	1.850094e-09	2.013012e-09	2.175930e-09	2.338848e-09	2.501766e-09	2.664684e-09	2.827602e-09
1.518091e-09	1.691062e-09	1.864033e-09	2.037004e-09	2.209975e-09	2.382946e-09	2.555917e-09	2.728888e-09	2.901859e-09
1.439691e-09	1.614372e-09	1.789053e-09	1.963734e-09	2.138415e-09	2.313096e-09	2.487777e-09	2.662458e-09	2.837139e-09
1.392956e-09	1.556152e-09	1.719348e-09	1.882544e-09	2.045740e-09	2.208936e-09	2.372132e-09	2.535328e-09	2.698524e-09
1.372460e-09	1.548310e-09	1.724160e-09	1.900010e-09	2.075860e-09	2.251710e-09	2.427560e-09	2.603410e-09	2.779260e-09
1.335219e-09	1.503728e-09	1.672237e-09	1.840746e-09	2.009255e-09	2.177764e-09	2.346273e-09	2.514782e-09	2.683291e-09
1.407005e-09	1.577010e-09	1.747015e-09	1.917020e-09	2.087025e-09	2.257030e-09	2.427035e-09	2.597040e-09	2.767045e-09
1.312030e-09	1.488530e-09	1.665030e-09	1.841530e-09	2.018030e-09	2.194530e-09	2.371030e-09	2.547530e-09	2.724030e-09
1.352753e-09	1.522176e-09	1.691599e-09	1.861022e-09	2.030445e-09	2.199868e-09	2.369291e-09	2.538714e-09	2.708137e-09
1.304692e-09	1.477914e-09	1.651136e-09	1.824358e-09	1.997580e-09	2.170802e-09	2.344024e-09	2.517246e-09	2.690468e-09
1.220676e-09	1.400932e-09	1.581188e-09	1.761444e-09	1.941700e-09	2.121956e-09	2.302212e-09	2.482468e-09	2.662724e-09
1.216660e-09	1.396370e-09	1.576080e-09	1.755790e-09	1.935500e-09	2.115210e-09	2.294920e-09	2.474630e-09	2.654340e-09
1.209989e-09	1.385598e-09	1.561207e-09	1.736816e-09	1.912425e-09	2.088034e-09	2.263643e-09	2.439252e-09	2.614861e-09
1.223896e-09	1.385932e-09	1.547968e-09	1.710004e-09	1.872040e-09	2.034076e-09	2.196112e-09	2.358148e-09	2.520184e-09
1.148933e-09	1.322028e-09	1.495124e-09	1.668219e-09	1.841314e-09	2.014409e-09	2.187504e-09	2.360600e-09	2.533695e-09
1.098389e-09	1.269412e-09	1.440434e-09	1.611456e-09	1.782479e-09	1.953501e-09	2.124523e-09	2.295545e-09	2.466568e-09
1.104083e-09	1.274937e-09	1.445791e-09	1.616645e-09	1.787500e-09	1.958354e-09	2.129208e-09	2.300062e-09	2.470916e-09
1.065448e-09	1.234758e-09	1.404069e-09	1.573379e-09	1.742689e-09	1.911999e-09	2.081309e-09	2.250620e-09	2.419930e-09
1.100184e-09	1.279092e-09	1.458000e-09	1.636909e-09	1.815818e-09	1.994726e-09	2.173635e-09	2.352543e-09	2.531452e-09
1.020401e-09	1.198883e-09	1.377365e-09	1.555847e-09	1.734329e-09	1.912812e-09	2.091294e-09	2.269776e-09	2.448258e-09
9.688935e-10	1.149482e-09	1.330070e-09	1.510659e-09	1.691247e-09	1.871836e-09	2.052425e-09	2.233013e-09	2.413602e-09
9.897288e-10	1.161496e-09	1.333262e-09	1.505029e-09	1.676796e-09	1.848563e-09	2.020330e-09	2.192096e-09	2.363863e-09
9.716735e-10	1.144692e-09	1.317711e-09	1.490729e-09	1.663748e-09	1.836766e-09	2.009785e-09	2.182803e-09	2.355822e-09
9.281316e-10	1.110649e-09	1.293167e-09	1.475684e-09	1.658202e-09	1.840720e-09	2.023237e-09	2.205755e-09	2.388272e-09
8.756506e-10	1.053537e-09	1.231424e-09	1.409310e-09	1.587197e-09	1.765084e-09	1.942970e-09	2.120857e-09	2.298743e-09
8.937321e-10	1.066905e-09	1.240078e-09	1.413251e-09	1.586425e-09	1.759598e-09	1.932771e-09	2.105944e-09	2.279117e-09
8.762905e-10	1.058386e-09	1.240481e-09	1.422577e-09	1.604672e-09	1.786768e-09	1.968863e-09	2.150959e-09	2.333055e-09
8.240696e-10	1.013945e-09	1.203821e-09	1.393696e-09	1.583572e-09	1.773448e-09	1.963323e-09	2.153199e-09	2.343074e-09
7.980404e-10	9.756748e-10	1.153309e-09	1.330944e-09	1.508578e-09	1.686212e-09	1.863847e-09	2.041481e-09	2.219116e-09
7.795388e-10	9.615156e-10	1.143492e-09	1.325469e-09	1.507446e-09	1.689423e-09	1.871400e-09	2.053376e-09	2.235353e-09
7.169581e-10	9.055572e-10	1.094156e-09	1.282755e-09	1.471355e-09	1.659954e-09	1.848553e-09	2.037152e-09	2.225751e-09
7.378662e-10	9.165544e-10	1.095243e-09	1.273931e-09	1.452619e-09	1.631307e-09	1.809995e-09	1.988684e-09	2.167372e-09
6.831611e-10	8.705832e-10	1.058005e-09	1.245427e-09	1.432849e-09	1.620272e-09	1.807694e-09	1.995116e-09	2.182538e-09
6.666414e-10	8.578168e-10	1.048992e-09	1.240168e-09	1.431343e-09	1.622518e-09	1.813694e-09	2.004869e-09	2.196045e-09
6.458213e-10	8.353856e-10	1.024950e-09	1.214514e-09	1.404078e-09	1.593643e-09	1.783207e-09	1.972771e-09	2.162336e-09
5.787121e-10	7.706652e-10	9.626183e-10	1.154571e-09	1.346524e-09	1.538478e-09	1.730431e-09	1.922384e-09	2.114337e-09
5.673278e-10	7.570336e-10	9.467394e-10	1.136445e-09	1.326151e-09	1.515857e-09	1.705563e-09	1.895268e-09	2.084974e-09
5.372292e-10	7.330104e-10	9.287916e-10	1.124573e-09	1.320354e-09	1.516135e-09	1.711916e-09	1.907698e-09	2.103479e-09
4.953867e-10	6.873004e-10	8.792141e-10	1.071128e-09	1.263041e-09	1.454955e-09	1.646869e-09	1.838783e-09	2.030696e-09
4.659934e-10	6.647208e-10	8.634482e-10	1.062176e-09	1.260903e-09	1.459630e-09	1.658358e-09	1.857085e-09	2.055813e-09
4.323190e-10	6.281580e-10	8.239970e-10	1.019836e-09	1.215675e-09	1.411514e-09	1.607353e-09	1.803192e-09	1.999031e-09
3.818605e-10	5.789060e-10	7.759515e-10	9.729970e-10	1.170043e-09	1.367088e-09	1.564134e-09	1.761179e-09	1.958225e-09
3.637984e-10	5.728308e-10	7.818632e-10	9.908956e-10	1.199928e-09	1.408960e-09	1.617993e-09	1.827025e-09	2.036058e-09
3.396561e-10	5.438532e-10	7.480503e-10	9.522474e-10	1.156444e-09	1.360642e-09	1.564839e-09	1.769036e-09	1.973233e-09
3.141804e-10	5.174648e-10	7.207492e-10	9.240336e-10	1.127318e-09	1.330602e-09	1.533887e-09	1.737171e-09	1.940456e-09
3.215426e-10	5.165299e-10	7.115172e-10	9.065045e-10	1.101492e-09	1.296479e-09	1.491466e-09	1.686454e-09	1.881441e-09
3.020439e-10	4.970312e-10	6.920185e-10	8.870058e-10	1.081993e-09	1.276980e-09	1.471968e-09	1.666955e-09	1.861942e-09
2.825451e-10	4.775325e-10	6.725198e-10	8.675071e-10	1.062494e-09	1.257482e-09	1.452469e-09	1.647456e-09	1.842444e-09
2.630464e-10	4.580337e-10	6.530210e-10	8.480083e-10	1.042996e-09	1.237983e-09	1.432970e-09	1.627958e-09	1.822945e-09
2.435477e-10	4.385350e-10	6.335223e-10	8.285096e-10	1.023497e-09	1.218484e-09	1.413472e-09	1.608459e-09	1.803446e-09
2.240489e-10	4.190363e-10	6.140236e-10	8.090109e-10	1.003998e-09	1.198986e-09	1.393973e-09	1.588960e-09	1.783947e-09
2.045502e-10	3.995375e-10	5.945248e-10	7.895122e-10	9.844995e-10	1.179487e-09	1.374474e-09	1.569461e-09	1.764449e-09
1.850515e-10	3.800388e-10	5.750261e-10	7.700134e-10	9.650007e-10	1.159988e-09	1.354975e-09	1.549963e-09	1.744950e-09
1.655528e-10	3.605401e-10	5.555274e-10	7.505147e-10	9.455020e-10	1.140489e-09	1.335477e-09	1.530464e-09	1.725451e-09
1.460540e-10	3.410413e-10	5.360286e-10	7.310160e-10	9.260033e-10	1.120991e-09	1.315978e-09	1.510965e-09	1.705953e-09
1.000000e-35	3.215426e-10	5.165299e-10	7.115172e-10	9.065045e-10	1.101492e-09	1.296479e-09	1.491466e-09	1.686454e-09
1.000000e-35	3.020439e-10	4.970312e-10	6.920185e-10	8.870058e-10	1.081993e-09	1.276980e-09	1.471968e-09	1.666955e-09
1.000000e-35	2.825451e-10	4.775325e-10	6.725198e-10	8.675071e-10	1.062494e-09	1.257482e-09	1.452469e-09	1.647456e-09
1.000000e-35	2.630464e-10	4.580337e-10	6.530210e-10	8.480083e-10	1.042996e-09	1.237983e-09	1.432970e-09	1.627958e-09
1.000000e-35	2.435477e-10	4.385350e-10	6.335223e-10	8.285096e-10	1.023497e-09	1.218484e-09	1.413472e-09	1.608459e-09
1.000000e-35	2.240489e-10	4.190363e-10	6.140236e-10	8.090109e-10	1.003998e-09	1.198986e-09	1.393973e-09	1.588960e-09
1.000000e-35	2.045502e-10	3.995375e-10	5.945248e-10	7.895122e-10	9.844995e-10	1.179487e-09	1.374474e-09	1.569461e-09
1.000000e-35	1.850515e-10	3.800388e-10	5.750261e-10	7.700134e-10	9.650007e-10	1.159988e-09	1.354975e-09	1.549963e-09
1.000000e-35	1.655528e-10	3.605401e-10	5.555274e-10	7.505147e-10	9.455020e-10	1.140489e-09	1.335477e-09	1.530464e-09
1.000000e-35	1.460540e-10	3.410413e-10	5.360286e-10	7.310160e-10	9.260033e-10	1.120991e-09	1.315978e-09	1.510965e-09
1.000000e-35	1.000000e-35	3.215426e-10	5.165299e-10	7.115172e-10	9.065045e-10	1.101492e-09	1.296479e-09	1.491466e-09
1.000000e-35	1.000000e-35	3.020439e-10	4.970312e-10	6.920185e-10	8.870058e-10	1.081993e-09	1.276980e-09	1.471968e-09
1.000000e-35	1.000000e-35	2.825451e-10	4.775325e-10	6.725198e-10	8.675071e-10	1.062494e-09	1.257482e-09	1.452469e-09
1.000000e-35	1.000000e-35	2.630464e-10	4.580337e-10	6.530210e-10	8.480083e-10	1.042996e-09	1.237983e-09	1.432970e-09
1.000000e-35	1.000000e-35	2.435477e-10	4.385350e-10	6.335223e-10	8.285096e-10	1.023497e-09	1.218484e-09	1.413472e-09
1.000000e-35	1.000000e-35	2.240489e-10	4.190363e-10	6.140236e-10	8.090109e-10	1.003998e-09	1.198986e-09	1.393973e-09
1.000000e-35	1.000000e-35	2.045502e-10	3.995375e-10	5.945248e-10	7.895122e-10	9.844995e-10	1.179487e-09	1.374474e-09
1.000000e-35	1.000000e-35	1.850515e-10	3.800388e-10	5.750261e-10	7.700134e-10	9.650007e-10	1.159988e-09	1.354975e-09
1.000000e-35	1.000000e-35	1.655528e-10	3.605401e-10	5.555274e-10	7.505147e-10	9.455020e-10	1.140489e-09	1.335477e-09
1.000000e-35	1.000000e-35	1.460540e-10	3.410413e-10	5.360286e-10	7.310160e-10	9.260033e-10	1.120991e-09	1.315978e-09
1.000000e-35	1.000000e-35	1.000000e-35	3.215426e-10	5.165299e-10	7.115172e-10	9.065045e-10	1.101492e-09	1.296479e-09
1.000000e-35	1.000000e-35	1.000000e-35	3.020439e-10	4.970312e-10	6.920185e-10	8.870058e-10	1.081993e-09	1.276980e-09
1.000000e-35	1.000000e-35	1.000000e-35	2.825451e-10	4.775325e-10	6.725198e-10	8.675071e-10	1.062494e-09	1.257482e-09
1.000000e-35	1.000000e-35	1.000000e-35	2.630464e-10	4.580337e-10	6.530210e-10	8.480083e-10	1.042996e-09	1.237983e-09
1.000000e-35	1.000000e-35	1.000000e-35	2.435477e-10	4.385350e-10	6.335223e-10	8.285096e-10	1.023497e-09	1.218484e-09
1.000000e-35	1.000000e-35	1.000000e-35	2.240489e-10	4.190363e-10	6.140236e-10	8.090109e-10	1.003998e-09	1.198986e-09
1.000000e-35	1.000000e-35	1.000000e-35	2.045502e-10	3.995375e-10	5.945248e-10	7.895122e-10	9.844995e-10	1.179487e-09
1.000000e-35	1.000000e-35	1.000000e-35	1.850515e-10	3.800388e-10	5.750261e-10	7.700134e-10	9.650007e-10	1.159988e-09
1.000000e-35	1.000000e-35	1.000000e-35	1.655528e-10	3.605401e-10	5.555274e-10	7.505147e-10	9.455020e-10	1.140489e-09
1.000000e-35	1.000000e-35	1.000000e-35	1.460540e-10	3.410413e-10	5.360286e-10	7.310160e-10	9.260033e-10	1.120991e-09
1.000000e-35	1.000000e-35	1.000000e-35	1.000000e-35	3.215426e-10	5.165299e-10	7.115172e-10	9.065045e-10	1.101492e-09
1.000000e-35	1.000000e-35	1.000000e-35	1.000000e-35	3.020439e-10	4.970312e-10	6.920185e-10	8.870058e-10	1.081993e-09
1.000000e-35	1.000000e-35	1.000000e-35	1.000000e-35	2.825451e-10	4.775325e-10	6.725198e-10	8.675071e-10	1.062494e-09
1.000000e-35	1.000000e-35	1.000000e-35	1.000000e-35	2.630464e-10	4.580337e-10	6.530210e-10	8.480083e-10	1.042996e-09
1.000000e-35	1.000000e-35	1.000000e-35	1.000000e-35	2.435477e-10	4.385350e-10	6.335223e-10	8.285096e-10	1.023497e-09
1.000000e-35	1.000000e-35	1.000000e-35	1.000000e-35	2.240489e-10	4.190363e-10	6.140236e-10	8.090109e-10	1.003998e-09
1.000000e-35	1.000000e-35	1.000000e-35	1.000000e-35	2.045502e-10	3.995375e-10	5.945248e-10	7.895122e-10	9.844995e-10
1.000000e-35	1.000000e-35	1.000000e-35	1.000000e-35	1.850515e-10	3.800388e-10	5.750261e-10	7.700134e-10	9.650007e-10
1.000000e-35	1.000000e-35	1.000000e-35	1.000000e-35	1.655528e-10	3.605401e-10	5.555274e-10	7.505147e-10	9.455020e-10
1.000000e-35	1.000000e-35	1.000000e-35	1.000000e-35	1.460540e-10	3.410413e-10	5.360286e-10	7.310160e-10	9.260033e-10
1.000000e-35	1.000000e-35	1.000000e-35	1.000000e-35	1.000000e-35	3.215426e-10	5.165299e-10	7.115172e-10	9.065045e-10
1.000000e-35	1.000000e-35	1.000000e-35	1.000000e-35	1.000000e-35	3.020439e-10	4.970312e-10	6.920185e-10	8.870058e-10
1.000000e-35	1.000000e-35	1.000000e-35	1.000000e-35	1.000000e-35	2.825451e-10	4.775325e-10	6.725198e-10	8.675071e-10
1.000000e-35	1.000000e-35	1.000000e-35	1.000000e-35	1.000000e-35	2.630464e-10	4.580337e-10	6.530210e-10	8.480083e-10
1.000000e-35	1.000000e-35	1.000000e-35	1.000000e-35	1.000000e-35	2.435477e-10	4.385350e-10	6.335223e-10	8.285096e-10
1.000000e-35	1.000000e-35	1.000000e-35	1.000000e-35	1.000000e-35	2.240489e-10	4.190363e-10	6.140236e-10	8.090109e-10
1.000000e-35	1.000000e-35	1.000000e-35	1.000000e-35	1.000000e-35	2.045502e-10	3.995375e-10	5.945248e-10	7.895122e-10
1.000000e-35	1.000000e-35	1.000000e-35	1.000000e-35	1.000000e-35	1.850515e-10	3.800388e-10	5.750261e-10	7.700134e-10
1.000000e-35	1.000000e-35	1.000000e-35	1.000000e-35	1.000000e-35	1.655528e-10	3.605401e-10	5.555274e-10	7.505147e-10
1.000000e-35	1.000000e-35	1.000000e-35	1.000000e-35	1.000000e-35	1.460540e-10	3.410413e-10	5.360286e-10	7.310160e-10
1.000000e-35	1.000000e-35	1.000000e-35	1.000000e-35	1.000000e-35	1.000000e-35	3.215426e-10	5.165299e-10	7.115172e-10
1.000000e-35	1.000000e-35	1.000000e-35	1.000000e-35	1.000000e-35	1.000000e-35	3.020439e-10	4.970312e-10	6.920185e-10
1.000000e-35	1.000000e-35	1.000000e-35	1.000000e-35	1.000000e-35	1.000000e-35	2.825451e-10	4.775325e-10	6.725198e-10
1.000000e-35	1.000000e-35	1.000000e-35	1.000000e-35	1.000000e-35	1.000000e-35	2.630464e-10	4.580337e-10	6.530210e-10
1.000000e-35	1.000000e-35	1.000000e-35	1.000000e-35	1.000000e-35	1.000000e-35	2.435477e-10	4.385350e-10	6.335223e-10
1.000000e-35	1.000000e-35	1.000000e-35	1.000000e-35	1.000000e-35	1.000000e-35	2.240489e-10	4.190363e-10	6.140236e-10
1.000000e-35	1.000000e-35	1.000000e-35	1.000000e-35	1.000000e-35	1.000000e-35	2.045502e-10	3.995375e-10	5.945248e-10
1.000000e-35	1.000000e-35	1.000000e-35	1.000000e-35	1.000000e-35	1.000000e-35	1.850515e-10	3.800388e-10	5.750261e-10
1.000000e-35	1.000000e-35	1.000000e-35	1.000000e-35	1.000000e-35	1.000000e-35	1.655528e-10	3.605401e-10	5.555274e-10
1.000000e-35	1.000000e-35	1.000000e-35	1.000000e-35	1.000000e-35	1.000000e-35	1.460540e-10	3.410413e-10	5.360286e-10
1.000000e-35	1.000000e-35	1.000000e-35	1.000000e-35	1.000000e-35	1.000000e-35	1.000000e-35	3.215426e-10	5.165299e-10
1.000000e-35	1.000000e-35	1.000000e-35	1.000000e-35	1.000000e-35	1.000000e-35	1.000000e-35	3.020439e-10	4.970312e-10
1.000000e-35	1.000000e-35	1.000000e-35	1.000000e-35	1.000000e-35	1.000000e-35	1.000000e-35	2.825451e-10	4.775325e-10
1.000000e-35	1.000000e-35	1.000000e-35	1.000000e-35	1.000000e-35	1.000000e-35	1.000000e-35	2.630464e-10	4.580337e-10
1.000000e-35	1.000000e-35	1.000000e-35	1.000000e-35	1.000000e-35	1.000000e-35	1.000000e-35	2.435477e-10	4.385350e-10
1.000000e-35	1.000000e-35	1.000000e-35	1.000000e-35	1.000000e-35	1.000000e-35	1.000000e-35	2.240489e-10	4.190363e-10
1.000000e-35	1.000000e-35	1.000000e-35	1.000000e-35	1.000000e-35	1.000000e-35	1.000000e-35	2.045502e-10	3.995375e-10
1.000000e-35	1.000000e-35	1.000000e-35	1.000000e-35	1.000000e-35	1.000000e-35	1.000000e-35	1.850515e-10	3.800388e-10
1.000000e-35	1.000000e-35	1.000000e-35	1.000000e-35	1.000000e-35	1.000000e-35	1.000000e-35	1.655528e-10	3.605401e-10
1.000000e-35	1.000000e-35	1.000000e-35	1.000000e-35	1.000000e-35	1.000000e-35	1.000000e-35	1.460540e-10	3.410413e-10
1.000000e-35	1.000000e-35	1.000000e-35	1.000000e-35	1.000000e-35	1.000000e-35	1.000000e-35	1.000000e-35	3.215426e-10
1.000000e-35	1.000000e-35	1.000000e-35	1.000000e-35	1.000000e-35	1.000000e-35	1.000000e-35	1.000000e-35	3.020439e-10
1.000000e-35	1.000000e-35	1.000000e-35	1.000000e-35	1.000000e-35	1.000000e-35	1.000000e-35	1.000000e-35	2.825451e-10
1.000000e-35	1.000000e-35	1.000000e-35	1.000000e-35	1.000000e-35	1.000000e-35	1.000000e-35	1.000000e-35	2.630464e-10
1.000000e-35	1.000000e-35	1.000000e-35	1.000000e-35	1.000000e-35	1.000000e-35	1.000000e-35	1.000000e-35	2.435477e-10
1.000000e-35	1.000000e-35	1.000000e-35	1.000000e-35	1.000000e-35	1.000000e-35	1.000000e-35	1.000000e-35	2.240489e-10
1.000000e-35	1.000000e-35	1.000000e-35	1.000000e-35	1.000000e-35	1.000000e-35	1.000000e-35	1.000000e-35	2.045502e-10
1.000000e-35	1.000000e-35	1.000000e-35	1.000000e-35	1.000000e-35	1.000000e-35	1.000000e-35	1.000000e-35	1.850515e-10
1.000000e-35	1.000000e-35	1.000000e-35	1.000000e-35	1.000000e-35	1.000000e-35	1.000000e-35	1.000000e-35	1.655528e-10
1.000000e-35	1.000000e-35	1.000000e-35	1.000000e-35	1.000000e-35	1.000000e-35	1.000000e-35	1.000000e-35	1.460540e-10
1.000000e-35	1.000000e-35	1.000000e-35	1.000000e-35	1.000000e-35	1.000000e-35	1.000000e-35	1.000000e-35	1.000000e-35
1.000000e-35	1.000000e-35	1.000000e-35	1.000000e-35	1.000000e-35	1.000000e-35	1.000000e-35	1.000000e-35	1.000000e-35
1.000000e-35	1.000000e-35	1.000000e-35	1.000000e-35	1.000000e-35	1.000000e-35	1.000000e-35	1.000000e-35	1.000000e-35
1.000000e-35	1.000000e-35	1.000000e-35	1.000000e-35	1.000000e-35	1.000000e-35	1.000000e-35	1.000000e-35	1.000000e-35
1.000000e-35	1.000000e-35	1.000000e-35	1.000000e-35	1.000000e-35	1.000000e-35	1.000000e-35	1.000000e-35	1.000000e-35
1.000000e-35	1.000000e-35	1.000000e-35	1.000000e-35	1.000000e-35	1.000000e-35	1.000000e-35	1.000000e-35	1.000000e-35
1.000000e-35	1.000000e-35	1.000000e-35	1.000000e-35	1.000000e-35	1.000000e-35	1.000000e-35	1.000000e-35	1.000000e-35
1.000000e-35	1.000000e-35	1.000000e-35	1.000000e-35	1.000000e-35	1.000000e-35	1.000000e-35	1.000000e-35	1.000000e-35
1.000000e-35	1.000000e-35	1.000000e-35	1.000000e-35	1.000000e-35	1.000000e-35	1.000000e-35	1.000000e-35	1.000000e-35
1.000000e-35	1.000000e-35	1.000000e-35	1.000000e-35	1.000000e-35	1.000000e-35	1.000000e-35	1.000000e-35	1.000000e-35
