1.000000e-35	1.000000e-35	1.000000e-35	1.000000e-35	1.000000e-35	1.000000e-35	1.000000e-35	1.000000e-35	1.000000e-35
1.000000e-35	1.000000e-35	1.000000e-35	1.000000e-35	1.000000e-35	1.000000e-35	1.000000e-35	1.000000e-35	1.000000e-35
1.000000e-35	1.000000e-35	1.000000e-35	1.000000e-35	1.000000e-35	1.000000e-35	1.000000e-35	1.000000e-35	1.000000e-35
1.000000e-35	1.000000e-35	1.000000e-35	1.000000e-35	1.000000e-35	1.000000e-35	1.000000e-35	1.000000e-35	1.000000e-35
1.000000e-35	1.000000e-35	1.000000e-35	1.000000e-35	1.000000e-35	1.000000e-35	1.000000e-35	1.000000e-35	1.000000e-35
1.000000e-35	1.000000e-35	1.000000e-35	1.000000e-35	1.000000e-35	1.000000e-35	1.000000e-35	1.000000e-35	1.000000e-35
1.000000e-35	1.000000e-35	1.000000e-35	1.000000e-35	1.000000e-35	1.000000e-35	1.000000e-35	1.000000e-35	1.000000e-35
1.000000e-35	1.000000e-35	1.000000e-35	1.000000e-35	1.000000e-35	1.000000e-35	1.000000e-35	1.000000e-35	1.000000e-35
1.000000e-35	1.000000e-35	1.000000e-35	1.000000e-35	1.000000e-35	1.000000e-35	1.000000e-35	1.000000e-35	1.000000e-35
1.000000e-35	1.000000e-35	1.000000e-35	1.000000e-35	1.000000e-35	1.000000e-35	1.000000e-35	1.000000e-35	1.000000e-35
1.855866e-12	2.050362e-12	2.244858e-12	2.439354e-12	2.633850e-12	2.828346e-12	3.022842e-12	3.217338e-12	3.411834e-12
2.400228e-12	2.474076e-12	2.547924e-12	2.621772e-12	2.695620e-12	2.769468e-12	2.843316e-12	2.917164e-12	2.991012e-12
1.295978e-11	1.401936e-11	1.507894e-11	1.613852e-11	1.719810e-11	1.825768e-11	1.931726e-11	2.037684e-11	2.143642e-11
4.003766e-10	3.777142e-10	3.550518e-10	3.323894e-10	3.097270e-10	2.870646e-10	2.644022e-10	2.417398e-10	2.190774e-10
2.649802e-10	2.691964e-10	2.734126e-10	2.776288e-10	2.818450e-10	2.860612e-10	2.902774e-10	2.944936e-10	2.987098e-10
7.175530e-10	7.323890e-10	7.472250e-10	7.620610e-10	7.768970e-10	7.917330e-10	8.065690e-10	8.214050e-10	8.362410e-10
2.360614e-09	2.370228e-09	2.379842e-09	2.389456e-09	2.399070e-09	2.408684e-09	2.418298e-09	2.427912e-09	2.437526e-09
7.107024e-08	7.113138e-08	7.119252e-08	7.125366e-08	7.131480e-08	7.137594e-08	7.143708e-08	7.149822e-08	7.155936e-08
2.399503e-08	2.392326e-08	2.385149e-08	2.377972e-08	2.370795e-08	2.363618e-08	2.356441e-08	2.349264e-08	2.342087e-08
4.009257e-09	4.056144e-09	4.103031e-09	4.149918e-09	4.196805e-09	4.243692e-09	4.290579e-09	4.337466e-09	4.384353e-09
1.071514e-08	1.068748e-08	1.065982e-08	1.063216e-08	1.060450e-08	1.057684e-08	1.054918e-08	1.052152e-08	1.049386e-08
7.148839e-09	7.267218e-09	7.385597e-09	7.503976e-09	7.622355e-09	7.740734e-09	7.859113e-09	7.977492e-09	8.095871e-09
9.191569e-09	9.269608e-09	9.347647e-09	9.425686e-09	9.503725e-09	9.581764e-09	9.659803e-09	9.737842e-09	9.815881e-09
1.596632e-08	1.594024e-08	1.591416e-08	1.588808e-08	1.586200e-08	1.583592e-08	1.580984e-08	1.578376e-08	1.575768e-08
1.211073e-08	1.224116e-08	1.237159e-08	1.250202e-08	1.263245e-08	1.276288e-08	1.289331e-08	1.302374e-08	1.315417e-08
1.432725e-08	1.440210e-08	1.447695e-08	1.455180e-08	1.462665e-08	1.470150e-08	1.477635e-08	1.485120e-08	1.492605e-08
1.559368e-08	1.570196e-08	1.581024e-08	1.591852e-08	1.602680e-08	1.613508e-08	1.624336e-08	1.635164e-08	1.645992e-08
1.799330e-08	1.814370e-08	1.829410e-08	1.844450e-08	1.859490e-08	1.874530e-08	1.889570e-08	1.904610e-08	1.919650e-08
1.857211e-08	1.870192e-08	1.883173e-08	1.896154e-08	1.909135e-08	1.922116e-08	1.935097e-08	1.948078e-08	1.961059e-08
2.062557e-08	2.071484e-08	2.080411e-08	2.089338e-08	2.098265e-08	2.107192e-08	2.116119e-08	2.125046e-08	2.133973e-08
2.222697e-08	2.233854e-08	2.245011e-08	2.256168e-08	2.267325e-08	2.278482e-08	2.289639e-08	2.300796e-08	2.311953e-08
2.354538e-08	2.367116e-08	2.379694e-08	2.392272e-08	2.404850e-08	2.417428e-08	2.430006e-08	2.442584e-08	2.455162e-08
2.492909e-08	2.505888e-08	2.518867e-08	2.531846e-08	2.544825e-08	2.557804e-08	2.570783e-08	2.583762e-08	2.596741e-08
2.649111e-08	2.662552e-08	2.675993e-08	2.689434e-08	2.702875e-08	2.716316e-08	2.729757e-08	2.743198e-08	2.756639e-08
2.797572e-08	2.811704e-08	2.825836e-08	2.839968e-08	2.854100e-08	2.868232e-08	2.882364e-08	2.896496e-08	2.910628e-08
2.939591e-08	2.954682e-08	2.969773e-08	2.984864e-08	2.999955e-08	3.015046e-08	3.030137e-08	3.045228e-08	3.060319e-08
3.042617e-08	3.054154e-08	3.065691e-08	3.077228e-08	3.088765e-08	3.100302e-08	3.111839e-08	3.123376e-08	3.134913e-08
3.175015e-08	3.182050e-08	3.189085e-08	3.196120e-08	3.203155e-08	3.210190e-08	3.217225e-08	3.224260e-08	3.231295e-08
3.291638e-08	3.299346e-08	3.307054e-08	3.314762e-08	3.322470e-08	3.330178e-08	3.337886e-08	3.345594e-08	3.353302e-08
3.370002e-08	3.383324e-08	3.396646e-08	3.409968e-08	3.423290e-08	3.436612e-08	3.449934e-08	3.463256e-08	3.476578e-08
3.500979e-08	3.511178e-08	3.521377e-08	3.531576e-08	3.541775e-08	3.551974e-08	3.562173e-08	3.572372e-08	3.582571e-08
3.603173e-08	3.612406e-08	3.621639e-08	3.630872e-08	3.640105e-08	3.649338e-08	3.658571e-08	3.667804e-08	3.677037e-08
3.642895e-08	3.657410e-08	3.671925e-08	3.686440e-08	3.700955e-08	3.715470e-08	3.729985e-08	3.744500e-08	3.759015e-08
3.773251e-08	3.786442e-08	3.799633e-08	3.812824e-08	3.826015e-08	3.839206e-08	3.852397e-08	3.865588e-08	3.878779e-08
3.879510e-08	3.888150e-08	3.896790e-08	3.905430e-08	3.914070e-08	3.922710e-08	3.931350e-08	3.939990e-08	3.948630e-08
3.956967e-08	3.963094e-08	3.969221e-08	3.975348e-08	3.981475e-08	3.987602e-08	3.993729e-08	3.999856e-08	4.005983e-08
4.008602e-08	4.021344e-08	4.034086e-08	4.046828e-08	4.059570e-08	4.072312e-08	4.085054e-08	4.097796e-08	4.110538e-08
4.073856e-08	4.086152e-08	4.098448e-08	4.110744e-08	4.123040e-08	4.135336e-08	4.147632e-08	4.159928e-08	4.172224e-08
4.106090e-08	4.122140e-08	4.138190e-08	4.154240e-08	4.170290e-08	4.186340e-08	4.202390e-08	4.218440e-08	4.234490e-08
4.181684e-08	4.195148e-08	4.208612e-08	4.222076e-08	4.235540e-08	4.249004e-08	4.262468e-08	4.275932e-08	4.289396e-08
4.269440e-08	4.283550e-08	4.297660e-08	4.311770e-08	4.325880e-08	4.339990e-08	4.354100e-08	4.368210e-08	4.382320e-08
4.344402e-08	4.354954e-08	4.365506e-08	4.376058e-08	4.386610e-08	4.397162e-08	4.407714e-08	4.418266e-08	4.428818e-08
4.386998e-08	4.404766e-08	4.422534e-08	4.440302e-08	4.458070e-08	4.475838e-08	4.493606e-08	4.511374e-08	4.529142e-08
4.449376e-08	4.459802e-08	4.470228e-08	4.480654e-08	4.491080e-08	4.501506e-08	4.511932e-08	4.522358e-08	4.532784e-08
4.423729e-08	4.441388e-08	4.459047e-08	4.476706e-08	4.494365e-08	4.512024e-08	4.529683e-08	4.547342e-08	4.565001e-08
4.523824e-08	4.538698e-08	4.553572e-08	4.568446e-08	4.583320e-08	4.598194e-08	4.613068e-08	4.627942e-08	4.642816e-08
4.509693e-08	4.531136e-08	4.552579e-08	4.574022e-08	4.595465e-08	4.616908e-08	4.638351e-08	4.659794e-08	4.681237e-08
4.529832e-08	4.554074e-08	4.578316e-08	4.602558e-08	4.626800e-08	4.651042e-08	4.675284e-08	4.699526e-08	4.723768e-08
4.552191e-08	4.571762e-08	4.591333e-08	4.610904e-08	4.630475e-08	4.650046e-08	4.669617e-08	4.689188e-08	4.708759e-08
4.560944e-08	4.587338e-08	4.613732e-08	4.640126e-08	4.666520e-08	4.692914e-08	4.719308e-08	4.745702e-08	4.772096e-08
4.659954e-08	4.674918e-08	4.689882e-08	4.704846e-08	4.719810e-08	4.734774e-08	4.749738e-08	4.764702e-08	4.779666e-08
4.629735e-08	4.658970e-08	4.688205e-08	4.717440e-08	4.746675e-08	4.775910e-08	4.805145e-08	4.834380e-08	4.863615e-08
4.625663e-08	4.648986e-08	4.672309e-08	4.695632e-08	4.718955e-08	4.742278e-08	4.765601e-08	4.788924e-08	4.812247e-08
4.691792e-08	4.718244e-08	4.744696e-08	4.771148e-08	4.797600e-08	4.824052e-08	4.850504e-08	4.876956e-08	4.903408e-08
4.706152e-08	4.730864e-08	4.755576e-08	4.780288e-08	4.805000e-08	4.829712e-08	4.854424e-08	4.879136e-08	4.903848e-08
4.720103e-08	4.742846e-08	4.765589e-08	4.788332e-08	4.811075e-08	4.833818e-08	4.856561e-08	4.879304e-08	4.902047e-08
4.665581e-08	4.695082e-08	4.724583e-08	4.754084e-08	4.783585e-08	4.813086e-08	4.842587e-08	4.872088e-08	4.901589e-08
4.674722e-08	4.708244e-08	4.741766e-08	4.775288e-08	4.808810e-08	4.842332e-08	4.875854e-08	4.909376e-08	4.942898e-08
4.722365e-08	4.752760e-08	4.783155e-08	4.813550e-08	4.843945e-08	4.874340e-08	4.904735e-08	4.935130e-08	4.965525e-08
4.700282e-08	4.731404e-08	4.762526e-08	4.793648e-08	4.824770e-08	4.855892e-08	4.887014e-08	4.918136e-08	4.949258e-08
4.734920e-08	4.766060e-08	4.797200e-08	4.828340e-08	4.859480e-08	4.890620e-08	4.921760e-08	4.952900e-08	4.984040e-08
4.736939e-08	4.767488e-08	4.798037e-08	4.828586e-08	4.859135e-08	4.889684e-08	4.920233e-08	4.950782e-08	4.981331e-08
4.747393e-08	4.776056e-08	4.804719e-08	4.833382e-08	4.862045e-08	4.890708e-08	4.919371e-08	4.948034e-08	4.976697e-08
1.902208e-07	1.916456e-07	1.930704e-07	1.944952e-07	1.959200e-07	1.973448e-07	1.987696e-07	2.001944e-07	2.016192e-07
4.709043e-08	4.737416e-08	4.765789e-08	4.794162e-08	4.822535e-08	4.850908e-08	4.879281e-08	4.907654e-08	4.936027e-08
4.694305e-08	4.727260e-08	4.760215e-08	4.793170e-08	4.826125e-08	4.859080e-08	4.892035e-08	4.924990e-08	4.957945e-08
4.773565e-08	4.811810e-08	4.850055e-08	4.888300e-08	4.926545e-08	4.964790e-08	5.003035e-08	5.041280e-08	5.079525e-08
4.669011e-08	4.705242e-08	4.741473e-08	4.777704e-08	4.813935e-08	4.850166e-08	4.886397e-08	4.922628e-08	4.958859e-08
4.659995e-08	4.698900e-08	4.737805e-08	4.776710e-08	4.815615e-08	4.854520e-08	4.893425e-08	4.932330e-08	4.971235e-08
4.786174e-08	4.822158e-08	4.858142e-08	4.894126e-08	4.930110e-08	4.966094e-08	5.002078e-08	5.038062e-08	5.074046e-08
4.640541e-08	4.678592e-08	4.716643e-08	4.754694e-08	4.792745e-08	4.830796e-08	4.868847e-08	4.906898e-08	4.944949e-08
4.629122e-08	4.665934e-08	4.702746e-08	4.739558e-08	4.776370e-08	4.813182e-08	4.849994e-08	4.886806e-08	4.923618e-08
4.745684e-08	4.783968e-08	4.822252e-08	4.860536e-08	4.898820e-08	4.937104e-08	4.975388e-08	5.013672e-08	5.051956e-08
2.682703e-06	2.719856e-06	2.757009e-06	2.794162e-06	2.831315e-06	2.868468e-06	2.905621e-06	2.942774e-06	2.979927e-06
4.577380e-08	4.617580e-08	4.657780e-08	4.697980e-08	4.738180e-08	4.778380e-08	4.818580e-08	4.858780e-08	4.898980e-08
4.520089e-08	4.564608e-08	4.609127e-08	4.653646e-08	4.698165e-08	4.742684e-08	4.787203e-08	4.831722e-08	4.876241e-08
4.465098e-08	4.508726e-08	4.552354e-08	4.595982e-08	4.639610e-08	4.683238e-08	4.726866e-08	4.770494e-08	4.814122e-08
7.662934e-08	7.717518e-08	7.772102e-08	7.826686e-08	7.881270e-08	7.935854e-08	7.990438e-08	8.045022e-08	8.099606e-08
4.483977e-08	4.522924e-08	4.561871e-08	4.600818e-08	4.639765e-08	4.678712e-08	4.717659e-08	4.756606e-08	4.795553e-08
4.454127e-08	4.496904e-08	4.539681e-08	4.582458e-08	4.625235e-08	4.668012e-08	4.710789e-08	4.753566e-08	4.796343e-08
4.419623e-08	4.459116e-08	4.498609e-08	4.538102e-08	4.577595e-08	4.617088e-08	4.656581e-08	4.696074e-08	4.735567e-08
4.361980e-08	4.411950e-08	4.461920e-08	4.511890e-08	4.561860e-08	4.611830e-08	4.661800e-08	4.711770e-08	4.761740e-08
4.461034e-08	4.504488e-08	4.547942e-08	4.591396e-08	4.634850e-08	4.678304e-08	4.721758e-08	4.765212e-08	4.808666e-08
4.323092e-08	4.375084e-08	4.427076e-08	4.479068e-08	4.531060e-08	4.583052e-08	4.635044e-08	4.687036e-08	4.739028e-08
4.351537e-08	4.399094e-08	4.446651e-08	4.494208e-08	4.541765e-08	4.589322e-08	4.636879e-08	4.684436e-08	4.731993e-08
1.214279e-07	1.230608e-07	1.246937e-07	1.263266e-07	1.279595e-07	1.295924e-07	1.312253e-07	1.328582e-07	1.344911e-07
1.249998e-06	1.269986e-06	1.289974e-06	1.309962e-06	1.329950e-06	1.349938e-06	1.369926e-06	1.389914e-06	1.409902e-06
4.320762e-08	4.369914e-08	4.419066e-08	4.468218e-08	4.517370e-08	4.566522e-08	4.615674e-08	4.664826e-08	4.713978e-08
1.392346e-07	1.415222e-07	1.438098e-07	1.460974e-07	1.483850e-07	1.506726e-07	1.529602e-07	1.552478e-07	1.575354e-07
5.827215e-07	5.913210e-07	5.999205e-07	6.085200e-07	6.171195e-07	6.257190e-07	6.343185e-07	6.429180e-07	6.515175e-07
4.150775e-08	4.194380e-08	4.237985e-08	4.281590e-08	4.325195e-08	4.368800e-08	4.412405e-08	4.456010e-08	4.499615e-08
6.372588e-08	6.452166e-08	6.531744e-08	6.611322e-08	6.690900e-08	6.770478e-08	6.850056e-08	6.929634e-08	7.009212e-08
3.601751e-08	3.629102e-08	3.656453e-08	3.683804e-08	3.711155e-08	3.738506e-08	3.765857e-08	3.793208e-08	3.820559e-08
3.105450e-08	3.127170e-08	3.148890e-08	3.170610e-08	3.192330e-08	3.214050e-08	3.235770e-08	3.257490e-08	3.279210e-08
3.060483e-08	3.084386e-08	3.108289e-08	3.132192e-08	3.156095e-08	3.179998e-08	3.203901e-08	3.227804e-08	3.251707e-08
3.057498e-08	3.079626e-08	3.101754e-08	3.123882e-08	3.146010e-08	3.168138e-08	3.190266e-08	3.212394e-08	3.234522e-08
3.072778e-08	3.098846e-08	3.124914e-08	3.150982e-08	3.177050e-08	3.203118e-08	3.229186e-08	3.255254e-08	3.281322e-08
3.039246e-08	3.068582e-08	3.097918e-08	3.127254e-08	3.156590e-08	3.185926e-08	3.215262e-08	3.244598e-08	3.273934e-08
3.086210e-08	3.110540e-08	3.134870e-08	3.159200e-08	3.183530e-08	3.207860e-08	3.232190e-08	3.256520e-08	3.280850e-08
3.763128e-08	3.800976e-08	3.838824e-08	3.876672e-08	3.914520e-08	3.952368e-08	3.990216e-08	4.028064e-08	4.065912e-08
3.031215e-08	3.059200e-08	3.087185e-08	3.115170e-08	3.143155e-08	3.171140e-08	3.199125e-08	3.227110e-08	3.255095e-08
3.055169e-08	3.080648e-08	3.106127e-08	3.131606e-08	3.157085e-08	3.182564e-08	3.208043e-08	3.233522e-08	3.259001e-08
3.039134e-08	3.064748e-08	3.090362e-08	3.115976e-08	3.141590e-08	3.167204e-08	3.192818e-08	3.218432e-08	3.244046e-08
2.190791e-07	2.219552e-07	2.248313e-07	2.277074e-07	2.305835e-07	2.334596e-07	2.363357e-07	2.392118e-07	2.420879e-07
3.108979e-08	3.141038e-08	3.173097e-08	3.205156e-08	3.237215e-08	3.269274e-08	3.301333e-08	3.333392e-08	3.365451e-08
5.031819e-08	5.054098e-08	5.076377e-08	5.098656e-08	5.120935e-08	5.143214e-08	5.165493e-08	5.187772e-08	5.210051e-08
4.630803e-08	4.676376e-08	4.721949e-08	4.767522e-08	4.813095e-08	4.858668e-08	4.904241e-08	4.949814e-08	4.995387e-08
2.687465e-08	2.709780e-08	2.732095e-08	2.754410e-08	2.776725e-08	2.799040e-08	2.821355e-08	2.843670e-08	2.865985e-08
2.722500e-08	2.745000e-08	2.767500e-08	2.790000e-08	2.812500e-08	2.835000e-08	2.857500e-08	2.880000e-08	2.902500e-08
2.627258e-08	2.651436e-08	2.675614e-08	2.699792e-08	2.723970e-08	2.748148e-08	2.772326e-08	2.796504e-08	2.820682e-08
3.158865e-08	3.193080e-08	3.227295e-08	3.261510e-08	3.295725e-08	3.329940e-08	3.364155e-08	3.398370e-08	3.432585e-08
2.491727e-08	2.508274e-08	2.524821e-08	2.541368e-08	2.557915e-08	2.574462e-08	2.591009e-08	2.607556e-08	2.624103e-08
2.500015e-08	2.518130e-08	2.536245e-08	2.554360e-08	2.572475e-08	2.590590e-08	2.608705e-08	2.626820e-08	2.644935e-08
2.482326e-08	2.499832e-08	2.517338e-08	2.534844e-08	2.552350e-08	2.569856e-08	2.587362e-08	2.604868e-08	2.622374e-08
2.486452e-08	2.505214e-08	2.523976e-08	2.542738e-08	2.561500e-08	2.580262e-08	2.599024e-08	2.617786e-08	2.636548e-08
2.482850e-08	2.502580e-08	2.522310e-08	2.542040e-08	2.561770e-08	2.581500e-08	2.601230e-08	2.620960e-08	2.640690e-08
2.474479e-08	2.494358e-08	2.514237e-08	2.534116e-08	2.553995e-08	2.573874e-08	2.593753e-08	2.613632e-08	2.633511e-08
2.462791e-08	2.486172e-08	2.509553e-08	2.532934e-08	2.556315e-08	2.579696e-08	2.603077e-08	2.626458e-08	2.649839e-08
2.482145e-08	2.499370e-08	2.516595e-08	2.533820e-08	2.551045e-08	2.568270e-08	2.585495e-08	2.602720e-08	2.619945e-08
2.448470e-08	2.466180e-08	2.483890e-08	2.501600e-08	2.519310e-08	2.537020e-08	2.554730e-08	2.572440e-08	2.590150e-08
2.450233e-08	2.468146e-08	2.486059e-08	2.503972e-08	2.521885e-08	2.539798e-08	2.557711e-08	2.575624e-08	2.593537e-08
2.469001e-08	2.486972e-08	2.504943e-08	2.522914e-08	2.540885e-08	2.558856e-08	2.576827e-08	2.594798e-08	2.612769e-08
2.415797e-08	2.441824e-08	2.467851e-08	2.493878e-08	2.519905e-08	2.545932e-08	2.571959e-08	2.597986e-08	2.624013e-08
2.412826e-08	2.434102e-08	2.455378e-08	2.476654e-08	2.497930e-08	2.519206e-08	2.540482e-08	2.561758e-08	2.583034e-08
2.415179e-08	2.436978e-08	2.458777e-08	2.480576e-08	2.502375e-08	2.524174e-08	2.545973e-08	2.567772e-08	2.589571e-08
2.395102e-08	2.420614e-08	2.446126e-08	2.471638e-08	2.497150e-08	2.522662e-08	2.548174e-08	2.573686e-08	2.599198e-08
2.385954e-08	2.411828e-08	2.437702e-08	2.463576e-08	2.489450e-08	2.515324e-08	2.541198e-08	2.567072e-08	2.592946e-08
2.416647e-08	2.436894e-08	2.457141e-08	2.477388e-08	2.497635e-08	2.517882e-08	2.538129e-08	2.558376e-08	2.578623e-08
2.374844e-08	2.397248e-08	2.419652e-08	2.442056e-08	2.464460e-08	2.486864e-08	2.509268e-08	2.531672e-08	2.554076e-08
2.369387e-08	2.390674e-08	2.411961e-08	2.433248e-08	2.454535e-08	2.475822e-08	2.497109e-08	2.518396e-08	2.539683e-08
2.356296e-08	2.380212e-08	2.404128e-08	2.428044e-08	2.451960e-08	2.475876e-08	2.499792e-08	2.523708e-08	2.547624e-08
2.335478e-08	2.363226e-08	2.390974e-08	2.418722e-08	2.446470e-08	2.474218e-08	2.501966e-08	2.529714e-08	2.557462e-08
2.379600e-08	2.398120e-08	2.416640e-08	2.435160e-08	2.453680e-08	2.472200e-08	2.490720e-08	2.509240e-08	2.527760e-08
2.338564e-08	2.365638e-08	2.392712e-08	2.419786e-08	2.446860e-08	2.473934e-08	2.501008e-08	2.528082e-08	2.555156e-08
2.319638e-08	2.344156e-08	2.368674e-08	2.393192e-08	2.417710e-08	2.442228e-08	2.466746e-08	2.491264e-08	2.515782e-08
2.334562e-08	2.356514e-08	2.378466e-08	2.400418e-08	2.422370e-08	2.444322e-08	2.466274e-08	2.488226e-08	2.510178e-08
2.324073e-08	2.349176e-08	2.374279e-08	2.399382e-08	2.424485e-08	2.449588e-08	2.474691e-08	2.499794e-08	2.524897e-08
2.260268e-08	2.292856e-08	2.325444e-08	2.358032e-08	2.390620e-08	2.423208e-08	2.455796e-08	2.488384e-08	2.520972e-08
2.315277e-08	2.338994e-08	2.362711e-08	2.386428e-08	2.410145e-08	2.433862e-08	2.457579e-08	2.481296e-08	2.505013e-08
2.264987e-08	2.289764e-08	2.314541e-08	2.339318e-08	2.364095e-08	2.388872e-08	2.413649e-08	2.438426e-08	2.463203e-08
2.256610e-08	2.278610e-08	2.300610e-08	2.322610e-08	2.344610e-08	2.366610e-08	2.388610e-08	2.410610e-08	2.432610e-08
2.261702e-08	2.284744e-08	2.307786e-08	2.330828e-08	2.353870e-08	2.376912e-08	2.399954e-08	2.422996e-08	2.446038e-08
2.258392e-08	2.281824e-08	2.305256e-08	2.328688e-08	2.352120e-08	2.375552e-08	2.398984e-08	2.422416e-08	2.445848e-08
2.239002e-08	2.266334e-08	2.293666e-08	2.320998e-08	2.348330e-08	2.375662e-08	2.402994e-08	2.430326e-08	2.457658e-08
2.236731e-08	2.261432e-08	2.286133e-08	2.310834e-08	2.335535e-08	2.360236e-08	2.384937e-08	2.409638e-08	2.434339e-08
2.235813e-08	2.259386e-08	2.282959e-08	2.306532e-08	2.330105e-08	2.353678e-08	2.377251e-08	2.400824e-08	2.424397e-08
2.212721e-08	2.242852e-08	2.272983e-08	2.303114e-08	2.333245e-08	2.363376e-08	2.393507e-08	2.423638e-08	2.453769e-08
2.191975e-08	2.218830e-08	2.245685e-08	2.272540e-08	2.299395e-08	2.326250e-08	2.353105e-08	2.379960e-08	2.406815e-08
2.197079e-08	2.219158e-08	2.241237e-08	2.263316e-08	2.285395e-08	2.307474e-08	2.329553e-08	2.351632e-08	2.373711e-08
2.178625e-08	2.200870e-08	2.223115e-08	2.245360e-08	2.267605e-08	2.289850e-08	2.312095e-08	2.334340e-08	2.356585e-08
2.180840e-08	2.202880e-08	2.224920e-08	2.246960e-08	2.269000e-08	2.291040e-08	2.313080e-08	2.335120e-08	2.357160e-08
2.145012e-08	2.172004e-08	2.198996e-08	2.225988e-08	2.252980e-08	2.279972e-08	2.306964e-08	2.333956e-08	2.360948e-08
2.155849e-08	2.180648e-08	2.205447e-08	2.230246e-08	2.255045e-08	2.279844e-08	2.304643e-08	2.329442e-08	2.354241e-08
2.148290e-08	2.173910e-08	2.199530e-08	2.225150e-08	2.250770e-08	2.276390e-08	2.302010e-08	2.327630e-08	2.353250e-08
2.142985e-08	2.168970e-08	2.194955e-08	2.220940e-08	2.246925e-08	2.272910e-08	2.298895e-08	2.324880e-08	2.350865e-08
2.112405e-08	2.138100e-08	2.163795e-08	2.189490e-08	2.215185e-08	2.240880e-08	2.266575e-08	2.292270e-08	2.317965e-08
2.132850e-08	2.156860e-08	2.180870e-08	2.204880e-08	2.228890e-08	2.252900e-08	2.276910e-08	2.300920e-08	2.324930e-08
2.099898e-08	2.125326e-08	2.150754e-08	2.176182e-08	2.201610e-08	2.227038e-08	2.252466e-08	2.277894e-08	2.303322e-08
2.075924e-08	2.105698e-08	2.135472e-08	2.165246e-08	2.195020e-08	2.224794e-08	2.254568e-08	2.284342e-08	2.314116e-08
2.083619e-08	2.107608e-08	2.131597e-08	2.155586e-08	2.179575e-08	2.203564e-08	2.227553e-08	2.251542e-08	2.275531e-08
2.075019e-08	2.101858e-08	2.128697e-08	2.155536e-08	2.182375e-08	2.209214e-08	2.236053e-08	2.262892e-08	2.289731e-08
2.092298e-08	2.117306e-08	2.142314e-08	2.167322e-08	2.192330e-08	2.217338e-08	2.242346e-08	2.267354e-08	2.292362e-08
2.074619e-08	2.097078e-08	2.119537e-08	2.141996e-08	2.164455e-08	2.186914e-08	2.209373e-08	2.231832e-08	2.254291e-08
2.045546e-08	2.067802e-08	2.090058e-08	2.112314e-08	2.134570e-08	2.156826e-08	2.179082e-08	2.201338e-08	2.223594e-08
2.012668e-08	2.043076e-08	2.073484e-08	2.103892e-08	2.134300e-08	2.164708e-08	2.195116e-08	2.225524e-08	2.255932e-08
2.035210e-08	2.058600e-08	2.081990e-08	2.105380e-08	2.128770e-08	2.152160e-08	2.175550e-08	2.198940e-08	2.222330e-08
2.034784e-08	2.053298e-08	2.071812e-08	2.090326e-08	2.108840e-08	2.127354e-08	2.145868e-08	2.164382e-08	2.182896e-08
1.996928e-08	2.025356e-08	2.053784e-08	2.082212e-08	2.110640e-08	2.139068e-08	2.167496e-08	2.195924e-08	2.224352e-08
1.966633e-08	1.994756e-08	2.022879e-08	2.051002e-08	2.079125e-08	2.107248e-08	2.135371e-08	2.163494e-08	2.191617e-08
2.000585e-08	2.024150e-08	2.047715e-08	2.071280e-08	2.094845e-08	2.118410e-08	2.141975e-08	2.165540e-08	2.189105e-08
1.991067e-08	2.013444e-08	2.035821e-08	2.058198e-08	2.080575e-08	2.102952e-08	2.125329e-08	2.147706e-08	2.170083e-08
1.973470e-08	1.998730e-08	2.023990e-08	2.049250e-08	2.074510e-08	2.099770e-08	2.125030e-08	2.150290e-08	2.175550e-08
1.953205e-08	1.981990e-08	2.010775e-08	2.039560e-08	2.068345e-08	2.097130e-08	2.125915e-08	2.154700e-08	2.183485e-08
1.957293e-08	1.988316e-08	2.019339e-08	2.050362e-08	2.081385e-08	2.112408e-08	2.143431e-08	2.174454e-08	2.205477e-08
1.915979e-08	1.946868e-08	1.977757e-08	2.008646e-08	2.039535e-08	2.070424e-08	2.101313e-08	2.132202e-08	2.163091e-08
1.934092e-08	1.960094e-08	1.986096e-08	2.012098e-08	2.038100e-08	2.064102e-08	2.090104e-08	2.116106e-08	2.142108e-08
1.903515e-08	1.932390e-08	1.961265e-08	1.990140e-08	2.019015e-08	2.047890e-08	2.076765e-08	2.105640e-08	2.134515e-08
1.895816e-08	1.925112e-08	1.954408e-08	1.983704e-08	2.013000e-08	2.042296e-08	2.071592e-08	2.100888e-08	2.130184e-08
1.898066e-08	1.925002e-08	1.951938e-08	1.978874e-08	2.005810e-08	2.032746e-08	2.059682e-08	2.086618e-08	2.113554e-08
1.862205e-08	1.889160e-08	1.916115e-08	1.943070e-08	1.970025e-08	1.996980e-08	2.023935e-08	2.050890e-08	2.077845e-08
1.869919e-08	1.897668e-08	1.925417e-08	1.953166e-08	1.980915e-08	2.008664e-08	2.036413e-08	2.064162e-08	2.091911e-08
1.864726e-08	1.894752e-08	1.924778e-08	1.954804e-08	1.984830e-08	2.014856e-08	2.044882e-08	2.074908e-08	2.104934e-08
1.861503e-08	1.890206e-08	1.918909e-08	1.947612e-08	1.976315e-08	2.005018e-08	2.033721e-08	2.062424e-08	2.091127e-08
1.871984e-08	1.897448e-08	1.922912e-08	1.948376e-08	1.973840e-08	1.999304e-08	2.024768e-08	2.050232e-08	2.075696e-08
1.824638e-08	1.852086e-08	1.879534e-08	1.906982e-08	1.934430e-08	1.961878e-08	1.989326e-08	2.016774e-08	2.044222e-08
1.808795e-08	1.835160e-08	1.861525e-08	1.887890e-08	1.914255e-08	1.940620e-08	1.966985e-08	1.993350e-08	2.019715e-08
1.841106e-08	1.864312e-08	1.887518e-08	1.910724e-08	1.933930e-08	1.957136e-08	1.980342e-08	2.003548e-08	2.026754e-08
1.817053e-08	1.843876e-08	1.870699e-08	1.897522e-08	1.924345e-08	1.951168e-08	1.977991e-08	2.004814e-08	2.031637e-08
1.796651e-08	1.828572e-08	1.860493e-08	1.892414e-08	1.924335e-08	1.956256e-08	1.988177e-08	2.020098e-08	2.052019e-08
1.788516e-08	1.819682e-08	1.850848e-08	1.882014e-08	1.913180e-08	1.944346e-08	1.975512e-08	2.006678e-08	2.037844e-08
1.807796e-08	1.833752e-08	1.859708e-08	1.885664e-08	1.911620e-08	1.937576e-08	1.963532e-08	1.989488e-08	2.015444e-08
1.771600e-08	1.794280e-08	1.816960e-08	1.839640e-08	1.862320e-08	1.885000e-08	1.907680e-08	1.930360e-08	1.953040e-08
1.762965e-08	1.789250e-08	1.815535e-08	1.841820e-08	1.868105e-08	1.894390e-08	1.920675e-08	1.946960e-08	1.973245e-08
1.759868e-08	1.787206e-08	1.814544e-08	1.841882e-08	1.869220e-08	1.896558e-08	1.923896e-08	1.951234e-08	1.978572e-08
1.727308e-08	1.757176e-08	1.787044e-08	1.816912e-08	1.846780e-08	1.876648e-08	1.906516e-08	1.936384e-08	1.966252e-08
1.726498e-08	1.756566e-08	1.786634e-08	1.816702e-08	1.846770e-08	1.876838e-08	1.906906e-08	1.936974e-08	1.967042e-08
1.745193e-08	1.771796e-08	1.798399e-08	1.825002e-08	1.851605e-08	1.878208e-08	1.904811e-08	1.931414e-08	1.958017e-08
1.702059e-08	1.727228e-08	1.752397e-08	1.777566e-08	1.802735e-08	1.827904e-08	1.853073e-08	1.878242e-08	1.903411e-08
1.695284e-08	1.723448e-08	1.751612e-08	1.779776e-08	1.807940e-08	1.836104e-08	1.864268e-08	1.892432e-08	1.920596e-08
1.699330e-08	1.726890e-08	1.754450e-08	1.782010e-08	1.809570e-08	1.837130e-08	1.864690e-08	1.892250e-08	1.919810e-08
1.692103e-08	1.719446e-08	1.746789e-08	1.774132e-08	1.801475e-08	1.828818e-08	1.856161e-08	1.883504e-08	1.910847e-08
1.684658e-08	1.712676e-08	1.740694e-08	1.768712e-08	1.796730e-08	1.824748e-08	1.852766e-08	1.880784e-08	1.908802e-08
1.648368e-08	1.677526e-08	1.706684e-08	1.735842e-08	1.765000e-08	1.794158e-08	1.823316e-08	1.852474e-08	1.881632e-08
1.632575e-08	1.661330e-08	1.690085e-08	1.718840e-08	1.747595e-08	1.776350e-08	1.805105e-08	1.833860e-08	1.862615e-08
1.660996e-08	1.687592e-08	1.714188e-08	1.740784e-08	1.767380e-08	1.793976e-08	1.820572e-08	1.847168e-08	1.873764e-08
1.661915e-08	1.688460e-08	1.715005e-08	1.741550e-08	1.768095e-08	1.794640e-08	1.821185e-08	1.847730e-08	1.874275e-08
1.651821e-08	1.679482e-08	1.707143e-08	1.734804e-08	1.762465e-08	1.790126e-08	1.817787e-08	1.845448e-08	1.873109e-08
1.625869e-08	1.650978e-08	1.676087e-08	1.701196e-08	1.726305e-08	1.751414e-08	1.776523e-08	1.801632e-08	1.826741e-08
1.627522e-08	1.652714e-08	1.677906e-08	1.703098e-08	1.728290e-08	1.753482e-08	1.778674e-08	1.803866e-08	1.829058e-08
1.604340e-08	1.630580e-08	1.656820e-08	1.683060e-08	1.709300e-08	1.735540e-08	1.761780e-08	1.788020e-08	1.814260e-08
1.617393e-08	1.643016e-08	1.668639e-08	1.694262e-08	1.719885e-08	1.745508e-08	1.771131e-08	1.796754e-08	1.822377e-08
1.601233e-08	1.626066e-08	1.650899e-08	1.675732e-08	1.700565e-08	1.725398e-08	1.750231e-08	1.775064e-08	1.799897e-08
1.600410e-08	1.625040e-08	1.649670e-08	1.674300e-08	1.698930e-08	1.723560e-08	1.748190e-08	1.772820e-08	1.797450e-08
1.551777e-08	1.582714e-08	1.613651e-08	1.644588e-08	1.675525e-08	1.706462e-08	1.737399e-08	1.768336e-08	1.799273e-08
1.574796e-08	1.599962e-08	1.625128e-08	1.650294e-08	1.675460e-08	1.700626e-08	1.725792e-08	1.750958e-08	1.776124e-08
1.573948e-08	1.597916e-08	1.621884e-08	1.645852e-08	1.669820e-08	1.693788e-08	1.717756e-08	1.741724e-08	1.765692e-08
1.565583e-08	1.591076e-08	1.616569e-08	1.642062e-08	1.667555e-08	1.693048e-08	1.718541e-08	1.744034e-08	1.769527e-08
1.562384e-08	1.587478e-08	1.612572e-08	1.637666e-08	1.662760e-08	1.687854e-08	1.712948e-08	1.738042e-08	1.763136e-08
1.547711e-08	1.571112e-08	1.594513e-08	1.617914e-08	1.641315e-08	1.664716e-08	1.688117e-08	1.711518e-08	1.734919e-08
1.534829e-08	1.560408e-08	1.585987e-08	1.611566e-08	1.637145e-08	1.662724e-08	1.688303e-08	1.713882e-08	1.739461e-08
1.527205e-08	1.549020e-08	1.570835e-08	1.592650e-08	1.614465e-08	1.636280e-08	1.658095e-08	1.679910e-08	1.701725e-08
1.504008e-08	1.532106e-08	1.560204e-08	1.588302e-08	1.616400e-08	1.644498e-08	1.672596e-08	1.700694e-08	1.728792e-08
1.501107e-08	1.523874e-08	1.546641e-08	1.569408e-08	1.592175e-08	1.614942e-08	1.637709e-08	1.660476e-08	1.683243e-08
1.511651e-08	1.536512e-08	1.561373e-08	1.586234e-08	1.611095e-08	1.635956e-08	1.660817e-08	1.685678e-08	1.710539e-08
1.473246e-08	1.499712e-08	1.526178e-08	1.552644e-08	1.579110e-08	1.605576e-08	1.632042e-08	1.658508e-08	1.684974e-08
1.481155e-08	1.503000e-08	1.524845e-08	1.546690e-08	1.568535e-08	1.590380e-08	1.612225e-08	1.634070e-08	1.655915e-08
1.472444e-08	1.496808e-08	1.521172e-08	1.545536e-08	1.569900e-08	1.594264e-08	1.618628e-08	1.642992e-08	1.667356e-08
1.451174e-08	1.479208e-08	1.507242e-08	1.535276e-08	1.563310e-08	1.591344e-08	1.619378e-08	1.647412e-08	1.675446e-08
1.463644e-08	1.488598e-08	1.513552e-08	1.538506e-08	1.563460e-08	1.588414e-08	1.613368e-08	1.638322e-08	1.663276e-08
1.431948e-08	1.456956e-08	1.481964e-08	1.506972e-08	1.531980e-08	1.556988e-08	1.581996e-08	1.607004e-08	1.632012e-08
1.426889e-08	1.454458e-08	1.482027e-08	1.509596e-08	1.537165e-08	1.564734e-08	1.592303e-08	1.619872e-08	1.647441e-08
1.421315e-08	1.446490e-08	1.471665e-08	1.496840e-08	1.522015e-08	1.547190e-08	1.572365e-08	1.597540e-08	1.622715e-08
1.417549e-08	1.439438e-08	1.461327e-08	1.483216e-08	1.505105e-08	1.526994e-08	1.548883e-08	1.570772e-08	1.592661e-08
1.443586e-08	1.465092e-08	1.486598e-08	1.508104e-08	1.529610e-08	1.551116e-08	1.572622e-08	1.594128e-08	1.615634e-08
1.403902e-08	1.427684e-08	1.451466e-08	1.475248e-08	1.499030e-08	1.522812e-08	1.546594e-08	1.570376e-08	1.594158e-08
1.402666e-08	1.428462e-08	1.454258e-08	1.480054e-08	1.505850e-08	1.531646e-08	1.557442e-08	1.583238e-08	1.609034e-08
1.384634e-08	1.408048e-08	1.431462e-08	1.454876e-08	1.478290e-08	1.501704e-08	1.525118e-08	1.548532e-08	1.571946e-08
1.391436e-08	1.415632e-08	1.439828e-08	1.464024e-08	1.488220e-08	1.512416e-08	1.536612e-08	1.560808e-08	1.585004e-08
1.388399e-08	1.412598e-08	1.436797e-08	1.460996e-08	1.485195e-08	1.509394e-08	1.533593e-08	1.557792e-08	1.581991e-08
1.370675e-08	1.397010e-08	1.423345e-08	1.449680e-08	1.476015e-08	1.502350e-08	1.528685e-08	1.555020e-08	1.581355e-08
1.374484e-08	1.396408e-08	1.418332e-08	1.440256e-08	1.462180e-08	1.484104e-08	1.506028e-08	1.527952e-08	1.549876e-08
1.358153e-08	1.386446e-08	1.414739e-08	1.443032e-08	1.471325e-08	1.499618e-08	1.527911e-08	1.556204e-08	1.584497e-08
1.352966e-08	1.376032e-08	1.399098e-08	1.422164e-08	1.445230e-08	1.468296e-08	1.491362e-08	1.514428e-08	1.537494e-08
1.337639e-08	1.362738e-08	1.387837e-08	1.412936e-08	1.438035e-08	1.463134e-08	1.488233e-08	1.513332e-08	1.538431e-08
1.355639e-08	1.376728e-08	1.397817e-08	1.418906e-08	1.439995e-08	1.461084e-08	1.482173e-08	1.503262e-08	1.524351e-08
1.336857e-08	1.359824e-08	1.382791e-08	1.405758e-08	1.428725e-08	1.451692e-08	1.474659e-08	1.497626e-08	1.520593e-08
1.320891e-08	1.344472e-08	1.368053e-08	1.391634e-08	1.415215e-08	1.438796e-08	1.462377e-08	1.485958e-08	1.509539e-08
1.316466e-08	1.339292e-08	1.362118e-08	1.384944e-08	1.407770e-08	1.430596e-08	1.453422e-08	1.476248e-08	1.499074e-08
1.319446e-08	1.339092e-08	1.358738e-08	1.378384e-08	1.398030e-08	1.417676e-08	1.437322e-08	1.456968e-08	1.476614e-08
1.292065e-08	1.319090e-08	1.346115e-08	1.373140e-08	1.400165e-08	1.427190e-08	1.454215e-08	1.481240e-08	1.508265e-08
1.283291e-08	1.309772e-08	1.336253e-08	1.362734e-08	1.389215e-08	1.415696e-08	1.442177e-08	1.468658e-08	1.495139e-08
1.290710e-08	1.313790e-08	1.336870e-08	1.359950e-08	1.383030e-08	1.406110e-08	1.429190e-08	1.452270e-08	1.475350e-08
1.279498e-08	1.302706e-08	1.325914e-08	1.349122e-08	1.372330e-08	1.395538e-08	1.418746e-08	1.441954e-08	1.465162e-08
1.275034e-08	1.296228e-08	1.317422e-08	1.338616e-08	1.359810e-08	1.381004e-08	1.402198e-08	1.423392e-08	1.444586e-08
1.275010e-08	1.298840e-08	1.322670e-08	1.346500e-08	1.370330e-08	1.394160e-08	1.417990e-08	1.441820e-08	1.465650e-08
1.256982e-08	1.280954e-08	1.304926e-08	1.328898e-08	1.352870e-08	1.376842e-08	1.400814e-08	1.424786e-08	1.448758e-08
1.254193e-08	1.277326e-08	1.300459e-08	1.323592e-08	1.346725e-08	1.369858e-08	1.392991e-08	1.416124e-08	1.439257e-08
1.253521e-08	1.273422e-08	1.293323e-08	1.313224e-08	1.333125e-08	1.353026e-08	1.372927e-08	1.392828e-08	1.412729e-08
1.227962e-08	1.251694e-08	1.275426e-08	1.299158e-08	1.322890e-08	1.346622e-08	1.370354e-08	1.394086e-08	1.417818e-08
1.221290e-08	1.245080e-08	1.268870e-08	1.292660e-08	1.316450e-08	1.340240e-08	1.364030e-08	1.387820e-08	1.411610e-08
1.226097e-08	1.250684e-08	1.275271e-08	1.299858e-08	1.324445e-08	1.349032e-08	1.373619e-08	1.398206e-08	1.422793e-08
1.219866e-08	1.240782e-08	1.261698e-08	1.282614e-08	1.303530e-08	1.324446e-08	1.345362e-08	1.366278e-08	1.387194e-08
1.196858e-08	1.220676e-08	1.244494e-08	1.268312e-08	1.292130e-08	1.315948e-08	1.339766e-08	1.363584e-08	1.387402e-08
1.200348e-08	1.225276e-08	1.250204e-08	1.275132e-08	1.300060e-08	1.324988e-08	1.349916e-08	1.374844e-08	1.399772e-08
1.206159e-08	1.228078e-08	1.249997e-08	1.271916e-08	1.293835e-08	1.315754e-08	1.337673e-08	1.359592e-08	1.381511e-08
1.195461e-08	1.218432e-08	1.241403e-08	1.264374e-08	1.287345e-08	1.310316e-08	1.333287e-08	1.356258e-08	1.379229e-08
1.190508e-08	1.211856e-08	1.233204e-08	1.254552e-08	1.275900e-08	1.297248e-08	1.318596e-08	1.339944e-08	1.361292e-08
1.173490e-08	1.196990e-08	1.220490e-08	1.243990e-08	1.267490e-08	1.290990e-08	1.314490e-08	1.337990e-08	1.361490e-08
1.172396e-08	1.194192e-08	1.215988e-08	1.237784e-08	1.259580e-08	1.281376e-08	1.303172e-08	1.324968e-08	1.346764e-08
1.161018e-08	1.187456e-08	1.213894e-08	1.240332e-08	1.266770e-08	1.293208e-08	1.319646e-08	1.346084e-08	1.372522e-08
1.153656e-08	1.177962e-08	1.202268e-08	1.226574e-08	1.250880e-08	1.275186e-08	1.299492e-08	1.323798e-08	1.348104e-08
1.149987e-08	1.172024e-08	1.194061e-08	1.216098e-08	1.238135e-08	1.260172e-08	1.282209e-08	1.304246e-08	1.326283e-08
1.144566e-08	1.167322e-08	1.190078e-08	1.212834e-08	1.235590e-08	1.258346e-08	1.281102e-08	1.303858e-08	1.326614e-08
1.127243e-08	1.152646e-08	1.178049e-08	1.203452e-08	1.228855e-08	1.254258e-08	1.279661e-08	1.305064e-08	1.330467e-08
1.146048e-08	1.169076e-08	1.192104e-08	1.215132e-08	1.238160e-08	1.261188e-08	1.284216e-08	1.307244e-08	1.330272e-08
1.123540e-08	1.146330e-08	1.169120e-08	1.191910e-08	1.214700e-08	1.237490e-08	1.260280e-08	1.283070e-08	1.305860e-08
1.100309e-08	1.122448e-08	1.144587e-08	1.166726e-08	1.188865e-08	1.211004e-08	1.233143e-08	1.255282e-08	1.277421e-08
1.117844e-08	1.138268e-08	1.158692e-08	1.179116e-08	1.199540e-08	1.219964e-08	1.240388e-08	1.260812e-08	1.281236e-08
1.106141e-08	1.130022e-08	1.153903e-08	1.177784e-08	1.201665e-08	1.225546e-08	1.249427e-08	1.273308e-08	1.297189e-08
1.123330e-08	1.140940e-08	1.158550e-08	1.176160e-08	1.193770e-08	1.211380e-08	1.228990e-08	1.246600e-08	1.264210e-08
1.107853e-08	1.129256e-08	1.150659e-08	1.172062e-08	1.193465e-08	1.214868e-08	1.236271e-08	1.257674e-08	1.279077e-08
1.106592e-08	1.123294e-08	1.139996e-08	1.156698e-08	1.173400e-08	1.190102e-08	1.206804e-08	1.223506e-08	1.240208e-08
1.095359e-08	1.116388e-08	1.137417e-08	1.158446e-08	1.179475e-08	1.200504e-08	1.221533e-08	1.242562e-08	1.263591e-08
1.077109e-08	1.100048e-08	1.122987e-08	1.145926e-08	1.168865e-08	1.191804e-08	1.214743e-08	1.237682e-08	1.260621e-08
1.063022e-08	1.084844e-08	1.106666e-08	1.128488e-08	1.150310e-08	1.172132e-08	1.193954e-08	1.215776e-08	1.237598e-08
1.058678e-08	1.081186e-08	1.103694e-08	1.126202e-08	1.148710e-08	1.171218e-08	1.193726e-08	1.216234e-08	1.238742e-08
1.049530e-08	1.070260e-08	1.090990e-08	1.111720e-08	1.132450e-08	1.153180e-08	1.173910e-08	1.194640e-08	1.215370e-08
1.064232e-08	1.087444e-08	1.110656e-08	1.133868e-08	1.157080e-08	1.180292e-08	1.203504e-08	1.226716e-08	1.249928e-08
1.050024e-08	1.070958e-08	1.091892e-08	1.112826e-08	1.133760e-08	1.154694e-08	1.175628e-08	1.196562e-08	1.217496e-08
1.049121e-08	1.070372e-08	1.091623e-08	1.112874e-08	1.134125e-08	1.155376e-08	1.176627e-08	1.197878e-08	1.219129e-08
1.054107e-08	1.073694e-08	1.093281e-08	1.112868e-08	1.132455e-08	1.152042e-08	1.171629e-08	1.191216e-08	1.210803e-08
1.050111e-08	1.070322e-08	1.090533e-08	1.110744e-08	1.130955e-08	1.151166e-08	1.171377e-08	1.191588e-08	1.211799e-08
1.046981e-08	1.065142e-08	1.083303e-08	1.101464e-08	1.119625e-08	1.137786e-08	1.155947e-08	1.174108e-08	1.192269e-08
1.031472e-08	1.053604e-08	1.075736e-08	1.097868e-08	1.120000e-08	1.142132e-08	1.164264e-08	1.186396e-08	1.208528e-08
1.028053e-08	1.047916e-08	1.067779e-08	1.087642e-08	1.107505e-08	1.127368e-08	1.147231e-08	1.167094e-08	1.186957e-08
1.029890e-08	1.051520e-08	1.073150e-08	1.094780e-08	1.116410e-08	1.138040e-08	1.159670e-08	1.181300e-08	1.202930e-08
1.008587e-08	1.031569e-08	1.054550e-08	1.077532e-08	1.100513e-08	1.123494e-08	1.146476e-08	1.169457e-08	1.192439e-08
9.993600e-09	1.017480e-08	1.035600e-08	1.053720e-08	1.071840e-08	1.089960e-08	1.108080e-08	1.126200e-08	1.144320e-08
1.005977e-08	1.026029e-08	1.046082e-08	1.066134e-08	1.086187e-08	1.106240e-08	1.126292e-08	1.146345e-08	1.166397e-08
9.957354e-09	1.015275e-08	1.034814e-08	1.054354e-08	1.073893e-08	1.093432e-08	1.112972e-08	1.132511e-08	1.152051e-08
1.009679e-08	1.026676e-08	1.043672e-08	1.060669e-08	1.077666e-08	1.094663e-08	1.111660e-08	1.128656e-08	1.145653e-08
9.928449e-09	1.012399e-08	1.031953e-08	1.051507e-08	1.071060e-08	1.090614e-08	1.110168e-08	1.129722e-08	1.149276e-08
9.734884e-09	9.959208e-09	1.018353e-08	1.040786e-08	1.063218e-08	1.085650e-08	1.108083e-08	1.130515e-08	1.152948e-08
9.655570e-09	9.844040e-09	1.003251e-08	1.022098e-08	1.040945e-08	1.059792e-08	1.078639e-08	1.097486e-08	1.116333e-08
9.701976e-09	9.909412e-09	1.011685e-08	1.032428e-08	1.053172e-08	1.073916e-08	1.094659e-08	1.115403e-08	1.136146e-08
9.679794e-09	9.864728e-09	1.004966e-08	1.023460e-08	1.041953e-08	1.060446e-08	1.078940e-08	1.097433e-08	1.115927e-08
9.514319e-09	9.700828e-09	9.887337e-09	1.007385e-08	1.026035e-08	1.044686e-08	1.063337e-08	1.081988e-08	1.100639e-08
9.726023e-09	9.928876e-09	1.013173e-08	1.033458e-08	1.053744e-08	1.074029e-08	1.094314e-08	1.114599e-08	1.134885e-08
9.571885e-09	9.768720e-09	9.965555e-09	1.016239e-08	1.035922e-08	1.055606e-08	1.075290e-08	1.094973e-08	1.114656e-08
9.411799e-09	9.602788e-09	9.793777e-09	9.984766e-09	1.017575e-08	1.036674e-08	1.055773e-08	1.074872e-08	1.093971e-08
9.511361e-09	9.713932e-09	9.916503e-09	1.011907e-08	1.032165e-08	1.052422e-08	1.072679e-08	1.092936e-08	1.113193e-08
9.428701e-09	9.590412e-09	9.752123e-09	9.913834e-09	1.007555e-08	1.023726e-08	1.039897e-08	1.056068e-08	1.072239e-08
9.327919e-09	9.511128e-09	9.694337e-09	9.877546e-09	1.006076e-08	1.024396e-08	1.042717e-08	1.061038e-08	1.079359e-08
9.311460e-09	9.497420e-09	9.683380e-09	9.869340e-09	1.005530e-08	1.024126e-08	1.042722e-08	1.061318e-08	1.079914e-08
9.109455e-09	9.327660e-09	9.545865e-09	9.764070e-09	9.982275e-09	1.020048e-08	1.041869e-08	1.063689e-08	1.085510e-08
9.372574e-09	9.555188e-09	9.737802e-09	9.920416e-09	1.010303e-08	1.028564e-08	1.046826e-08	1.065087e-08	1.083349e-08
9.167472e-09	9.371064e-09	9.574656e-09	9.778248e-09	9.981840e-09	1.018543e-08	1.038902e-08	1.059262e-08	1.079621e-08
9.128048e-09	9.312476e-09	9.496904e-09	9.681332e-09	9.865760e-09	1.005019e-08	1.023462e-08	1.041904e-08	1.060347e-08
9.140496e-09	9.324952e-09	9.509408e-09	9.693864e-09	9.878320e-09	1.006278e-08	1.024723e-08	1.043169e-08	1.061614e-08
9.158445e-09	9.322840e-09	9.487235e-09	9.651630e-09	9.816025e-09	9.980420e-09	1.014481e-08	1.030921e-08	1.047361e-08
8.878590e-09	9.058380e-09	9.238170e-09	9.417960e-09	9.597750e-09	9.777540e-09	9.957330e-09	1.013712e-08	1.031691e-08
8.831569e-09	9.009928e-09	9.188287e-09	9.366646e-09	9.545005e-09	9.723364e-09	9.901723e-09	1.008008e-08	1.025844e-08
8.886913e-09	9.079356e-09	9.271799e-09	9.464242e-09	9.656685e-09	9.849128e-09	1.004157e-08	1.023401e-08	1.042646e-08
8.973330e-09	9.127660e-09	9.281990e-09	9.436320e-09	9.590650e-09	9.744980e-09	9.899310e-09	1.005364e-08	1.020797e-08
8.614891e-09	8.834492e-09	9.054093e-09	9.273694e-09	9.493295e-09	9.712896e-09	9.932497e-09	1.015210e-08	1.037170e-08
8.717708e-09	8.910196e-09	9.102684e-09	9.295172e-09	9.487660e-09	9.680148e-09	9.872636e-09	1.006512e-08	1.025761e-08
8.574605e-09	8.801760e-09	9.028915e-09	9.256070e-09	9.483225e-09	9.710380e-09	9.937535e-09	1.016469e-08	1.039185e-08
8.620062e-09	8.821244e-09	9.022426e-09	9.223608e-09	9.424790e-09	9.625972e-09	9.827154e-09	1.002834e-08	1.022952e-08
8.503046e-09	8.689152e-09	8.875258e-09	9.061364e-09	9.247470e-09	9.433576e-09	9.619682e-09	9.805788e-09	9.991894e-09
8.450500e-09	8.655500e-09	8.860500e-09	9.065500e-09	9.270500e-09	9.475500e-09	9.680500e-09	9.885500e-09	1.009050e-08
8.458093e-09	8.629086e-09	8.800079e-09	8.971072e-09	9.142065e-09	9.313058e-09	9.484051e-09	9.655044e-09	9.826037e-09
8.548735e-09	8.698460e-09	8.848185e-09	8.997910e-09	9.147635e-09	9.297360e-09	9.447085e-09	9.596810e-09	9.746535e-09
8.634895e-09	8.813240e-09	8.991585e-09	9.169930e-09	9.348275e-09	9.526620e-09	9.704965e-09	9.883310e-09	1.006166e-08
8.295522e-09	8.496464e-09	8.697406e-09	8.898348e-09	9.099290e-09	9.300232e-09	9.501174e-09	9.702116e-09	9.903058e-09
8.306490e-09	8.485840e-09	8.665190e-09	8.844540e-09	9.023890e-09	9.203240e-09	9.382590e-09	9.561940e-09	9.741290e-09
8.287976e-09	8.480512e-09	8.673048e-09	8.865584e-09	9.058120e-09	9.250656e-09	9.443192e-09	9.635728e-09	9.828264e-09
8.293712e-09	8.444074e-09	8.594436e-09	8.744798e-09	8.895160e-09	9.045522e-09	9.195884e-09	9.346246e-09	9.496608e-09
8.255929e-09	8.414558e-09	8.573187e-09	8.731816e-09	8.890445e-09	9.049074e-09	9.207703e-09	9.366332e-09	9.524961e-09
8.194091e-09	8.358202e-09	8.522313e-09	8.686424e-09	8.850535e-09	9.014646e-09	9.178757e-09	9.342868e-09	9.506979e-09
8.069549e-09	8.256908e-09	8.444267e-09	8.631626e-09	8.818985e-09	9.006344e-09	9.193703e-09	9.381062e-09	9.568421e-09
7.779487e-09	7.997954e-09	8.216421e-09	8.434888e-09	8.653355e-09	8.871822e-09	9.090289e-09	9.308756e-09	9.527223e-09
8.032398e-09	8.217896e-09	8.403394e-09	8.588892e-09	8.774390e-09	8.959888e-09	9.145386e-09	9.330884e-09	9.516382e-09
8.135286e-09	8.298412e-09	8.461538e-09	8.624664e-09	8.787790e-09	8.950916e-09	9.114042e-09	9.277168e-09	9.440294e-09
7.986689e-09	8.173068e-09	8.359447e-09	8.545826e-09	8.732205e-09	8.918584e-09	9.104963e-09	9.291342e-09	9.477721e-09
7.911849e-09	8.079938e-09	8.248027e-09	8.416116e-09	8.584205e-09	8.752294e-09	8.920383e-09	9.088472e-09	9.256561e-09
7.911578e-09	8.088706e-09	8.265834e-09	8.442962e-09	8.620090e-09	8.797218e-09	8.974346e-09	9.151474e-09	9.328602e-09
7.707459e-09	7.912188e-09	8.116917e-09	8.321646e-09	8.526375e-09	8.731104e-09	8.935833e-09	9.140562e-09	9.345291e-09
7.758095e-09	7.928670e-09	8.099245e-09	8.269820e-09	8.440395e-09	8.610970e-09	8.781545e-09	8.952120e-09	9.122695e-09
7.894539e-09	8.058018e-09	8.221497e-09	8.384976e-09	8.548455e-09	8.711934e-09	8.875413e-09	9.038892e-09	9.202371e-09
7.727913e-09	7.929376e-09	8.130839e-09	8.332302e-09	8.533765e-09	8.735228e-09	8.936691e-09	9.138154e-09	9.339617e-09
7.765751e-09	7.934212e-09	8.102673e-09	8.271134e-09	8.439595e-09	8.608056e-09	8.776517e-09	8.944978e-09	9.113439e-09
7.577558e-09	7.749946e-09	7.922334e-09	8.094722e-09	8.267110e-09	8.439498e-09	8.611886e-09	8.784274e-09	8.956662e-09
7.478998e-09	7.664006e-09	7.849014e-09	8.034022e-09	8.219030e-09	8.404038e-09	8.589046e-09	8.774054e-09	8.959062e-09
7.562158e-09	7.765996e-09	7.969834e-09	8.173672e-09	8.377510e-09	8.581348e-09	8.785186e-09	8.989024e-09	9.192862e-09
7.605828e-09	7.775796e-09	7.945764e-09	8.115732e-09	8.285700e-09	8.455668e-09	8.625636e-09	8.795604e-09	8.965572e-09
7.334777e-09	7.517714e-09	7.700651e-09	7.883588e-09	8.066525e-09	8.249462e-09	8.432399e-09	8.615336e-09	8.798273e-09
7.300342e-09	7.456154e-09	7.611966e-09	7.767778e-09	7.923590e-09	8.079402e-09	8.235214e-09	8.391026e-09	8.546838e-09
7.354233e-09	7.543196e-09	7.732159e-09	7.921122e-09	8.110085e-09	8.299048e-09	8.488011e-09	8.676974e-09	8.865937e-09
7.348703e-09	7.527026e-09	7.705349e-09	7.883672e-09	8.061995e-09	8.240318e-09	8.418641e-09	8.596964e-09	8.775287e-09
7.481609e-09	7.647768e-09	7.813927e-09	7.980086e-09	8.146245e-09	8.312404e-09	8.478563e-09	8.644722e-09	8.810881e-09
7.022056e-09	7.228332e-09	7.434608e-09	7.640884e-09	7.847160e-09	8.053436e-09	8.259712e-09	8.465988e-09	8.672264e-09
7.254844e-09	7.424508e-09	7.594172e-09	7.763836e-09	7.933500e-09	8.103164e-09	8.272828e-09	8.442492e-09	8.612156e-09
7.137760e-09	7.310420e-09	7.483080e-09	7.655740e-09	7.828400e-09	8.001060e-09	8.173720e-09	8.346380e-09	8.519040e-09
7.165820e-09	7.325010e-09	7.484200e-09	7.643390e-09	7.802580e-09	7.961770e-09	8.120960e-09	8.280150e-09	8.439340e-09
7.039571e-09	7.205012e-09	7.370453e-09	7.535894e-09	7.701335e-09	7.866776e-09	8.032217e-09	8.197658e-09	8.363099e-09
7.279453e-09	7.450876e-09	7.622299e-09	7.793722e-09	7.965145e-09	8.136568e-09	8.307991e-09	8.479414e-09	8.650837e-09
7.039253e-09	7.230506e-09	7.421759e-09	7.613012e-09	7.804265e-09	7.995518e-09	8.186771e-09	8.378024e-09	8.569277e-09
6.869168e-09	7.056326e-09	7.243484e-09	7.430642e-09	7.617800e-09	7.804958e-09	7.992116e-09	8.179274e-09	8.366432e-09
7.030866e-09	7.216322e-09	7.401778e-09	7.587234e-09	7.772690e-09	7.958146e-09	8.143602e-09	8.329058e-09	8.514514e-09
6.857150e-09	7.024590e-09	7.192030e-09	7.359470e-09	7.526910e-09	7.694350e-09	7.861790e-09	8.029230e-09	8.196670e-09
6.947115e-09	7.117930e-09	7.288745e-09	7.459560e-09	7.630375e-09	7.801190e-09	7.972005e-09	8.142820e-09	8.313635e-09
6.844501e-09	7.021362e-09	7.198223e-09	7.375084e-09	7.551945e-09	7.728806e-09	7.905667e-09	8.082528e-09	8.259389e-09
6.744634e-09	6.909608e-09	7.074582e-09	7.239556e-09	7.404530e-09	7.569504e-09	7.734478e-09	7.899452e-09	8.064426e-09
6.714044e-09	6.884448e-09	7.054852e-09	7.225256e-09	7.395660e-09	7.566064e-09	7.736468e-09	7.906872e-09	8.077276e-09
6.852876e-09	7.002422e-09	7.151968e-09	7.301514e-09	7.451060e-09	7.600606e-09	7.750152e-09	7.899698e-09	8.049244e-09
6.797905e-09	6.961390e-09	7.124875e-09	7.288360e-09	7.451845e-09	7.615330e-09	7.778815e-09	7.942300e-09	8.105785e-09
6.574771e-09	6.746582e-09	6.918393e-09	7.090204e-09	7.262015e-09	7.433826e-09	7.605637e-09	7.777448e-09	7.949259e-09
6.585333e-09	6.754826e-09	6.924319e-09	7.093812e-09	7.263305e-09	7.432798e-09	7.602291e-09	7.771784e-09	7.941277e-09
6.612888e-09	6.765076e-09	6.917264e-09	7.069452e-09	7.221640e-09	7.373828e-09	7.526016e-09	7.678204e-09	7.830392e-09
6.639228e-09	6.810576e-09	6.981924e-09	7.153272e-09	7.324620e-09	7.495968e-09	7.667316e-09	7.838664e-09	8.010012e-09
6.560109e-09	6.728898e-09	6.897687e-09	7.066476e-09	7.235265e-09	7.404054e-09	7.572843e-09	7.741632e-09	7.910421e-09
6.483671e-09	6.647792e-09	6.811913e-09	6.976034e-09	7.140155e-09	7.304276e-09	7.468397e-09	7.632518e-09	7.796639e-09
6.363433e-09	6.536966e-09	6.710499e-09	6.884032e-09	7.057565e-09	7.231098e-09	7.404631e-09	7.578164e-09	7.751697e-09
6.426425e-09	6.611250e-09	6.796075e-09	6.980900e-09	7.165725e-09	7.350550e-09	7.535375e-09	7.720200e-09	7.905025e-09
6.413521e-09	6.564372e-09	6.715223e-09	6.866074e-09	7.016925e-09	7.167776e-09	7.318627e-09	7.469478e-09	7.620329e-09
6.551606e-09	6.673362e-09	6.795118e-09	6.916874e-09	7.038630e-09	7.160386e-09	7.282142e-09	7.403898e-09	7.525654e-09
6.319245e-09	6.484410e-09	6.649575e-09	6.814740e-09	6.979905e-09	7.145070e-09	7.310235e-09	7.475400e-09	7.640565e-09
6.344180e-09	6.484840e-09	6.625500e-09	6.766160e-09	6.906820e-09	7.047480e-09	7.188140e-09	7.328800e-09	7.469460e-09
6.327005e-09	6.493760e-09	6.660515e-09	6.827270e-09	6.994025e-09	7.160780e-09	7.327535e-09	7.494290e-09	7.661045e-09
6.175812e-09	6.358764e-09	6.541716e-09	6.724668e-09	6.907620e-09	7.090572e-09	7.273524e-09	7.456476e-09	7.639428e-09
6.054229e-09	6.237078e-09	6.419927e-09	6.602776e-09	6.785625e-09	6.968474e-09	7.151323e-09	7.334172e-09	7.517021e-09
6.197777e-09	6.350004e-09	6.502231e-09	6.654458e-09	6.806685e-09	6.958912e-09	7.111139e-09	7.263366e-09	7.415593e-09
6.168803e-09	6.326946e-09	6.485089e-09	6.643232e-09	6.801375e-09	6.959518e-09	7.117661e-09	7.275804e-09	7.433947e-09
6.044596e-09	6.226452e-09	6.408308e-09	6.590164e-09	6.772020e-09	6.953876e-09	7.135732e-09	7.317588e-09	7.499444e-09
6.006794e-09	6.159888e-09	6.312982e-09	6.466076e-09	6.619170e-09	6.772264e-09	6.925358e-09	7.078452e-09	7.231546e-09
5.918212e-09	6.090114e-09	6.262016e-09	6.433918e-09	6.605820e-09	6.777722e-09	6.949624e-09	7.121526e-09	7.293428e-09
6.037777e-09	6.202124e-09	6.366471e-09	6.530818e-09	6.695165e-09	6.859512e-09	7.023859e-09	7.188206e-09	7.352553e-09
6.086742e-09	6.233794e-09	6.380846e-09	6.527898e-09	6.674950e-09	6.822002e-09	6.969054e-09	7.116106e-09	7.263158e-09
5.794609e-09	5.966648e-09	6.138687e-09	6.310726e-09	6.482765e-09	6.654804e-09	6.826843e-09	6.998882e-09	7.170921e-09
5.789847e-09	5.965964e-09	6.142081e-09	6.318198e-09	6.494315e-09	6.670432e-09	6.846549e-09	7.022666e-09	7.198783e-09
5.906223e-09	6.065546e-09	6.224869e-09	6.384192e-09	6.543515e-09	6.702838e-09	6.862161e-09	7.021484e-09	7.180807e-09
5.931256e-09	6.081382e-09	6.231508e-09	6.381634e-09	6.531760e-09	6.681886e-09	6.832012e-09	6.982138e-09	7.132264e-09
5.738070e-09	5.911120e-09	6.084170e-09	6.257220e-09	6.430270e-09	6.603320e-09	6.776370e-09	6.949420e-09	7.122470e-09
5.759820e-09	5.926310e-09	6.092800e-09	6.259290e-09	6.425780e-09	6.592270e-09	6.758760e-09	6.925250e-09	7.091740e-09
5.703939e-09	5.867648e-09	6.031357e-09	6.195066e-09	6.358775e-09	6.522484e-09	6.686193e-09	6.849902e-09	7.013611e-09
5.671438e-09	5.813546e-09	5.955654e-09	6.097762e-09	6.239870e-09	6.381978e-09	6.524086e-09	6.666194e-09	6.808302e-09
5.695003e-09	5.847526e-09	6.000049e-09	6.152572e-09	6.305095e-09	6.457618e-09	6.610141e-09	6.762664e-09	6.915187e-09
5.636560e-09	5.774620e-09	5.912680e-09	6.050740e-09	6.188800e-09	6.326860e-09	6.464920e-09	6.602980e-09	6.741040e-09
5.514592e-09	5.699474e-09	5.884356e-09	6.069238e-09	6.254120e-09	6.439002e-09	6.623884e-09	6.808766e-09	6.993648e-09
5.514089e-09	5.670098e-09	5.826107e-09	5.982116e-09	6.138125e-09	6.294134e-09	6.450143e-09	6.606152e-09	6.762161e-09
5.627906e-09	5.760112e-09	5.892318e-09	6.024524e-09	6.156730e-09	6.288936e-09	6.421142e-09	6.553348e-09	6.685554e-09
5.604292e-09	5.764254e-09	5.924216e-09	6.084178e-09	6.244140e-09	6.404102e-09	6.564064e-09	6.724026e-09	6.883988e-09
5.635876e-09	5.793462e-09	5.951048e-09	6.108634e-09	6.266220e-09	6.423806e-09	6.581392e-09	6.738978e-09	6.896564e-09
5.584233e-09	5.724476e-09	5.864719e-09	6.004962e-09	6.145205e-09	6.285448e-09	6.425691e-09	6.565934e-09	6.706177e-09
5.623923e-09	5.774006e-09	5.924089e-09	6.074172e-09	6.224255e-09	6.374338e-09	6.524421e-09	6.674504e-09	6.824587e-09
5.555675e-09	5.703770e-09	5.851865e-09	5.999960e-09	6.148055e-09	6.296150e-09	6.444245e-09	6.592340e-09	6.740435e-09
5.451264e-09	5.622398e-09	5.793532e-09	5.964666e-09	6.135800e-09	6.306934e-09	6.478068e-09	6.649202e-09	6.820336e-09
5.336760e-09	5.473280e-09	5.609800e-09	5.746320e-09	5.882840e-09	6.019360e-09	6.155880e-09	6.292400e-09	6.428920e-09
5.417571e-09	5.559542e-09	5.701513e-09	5.843484e-09	5.985455e-09	6.127426e-09	6.269397e-09	6.411368e-09	6.553339e-09
5.329832e-09	5.487794e-09	5.645756e-09	5.803718e-09	5.961680e-09	6.119642e-09	6.277604e-09	6.435566e-09	6.593528e-09
5.247280e-09	5.419720e-09	5.592160e-09	5.764600e-09	5.937040e-09	6.109480e-09	6.281920e-09	6.454360e-09	6.626800e-09
5.288159e-09	5.439138e-09	5.590117e-09	5.741096e-09	5.892075e-09	6.043054e-09	6.194033e-09	6.345012e-09	6.495991e-09
5.228677e-09	5.392274e-09	5.555871e-09	5.719468e-09	5.883065e-09	6.046662e-09	6.210259e-09	6.373856e-09	6.537453e-09
5.120811e-09	5.287862e-09	5.454913e-09	5.621964e-09	5.789015e-09	5.956066e-09	6.123117e-09	6.290168e-09	6.457219e-09
5.193207e-09	5.326524e-09	5.459841e-09	5.593158e-09	5.726475e-09	5.859792e-09	5.993109e-09	6.126426e-09	6.259743e-09
5.267034e-09	5.404668e-09	5.542302e-09	5.679936e-09	5.817570e-09	5.955204e-09	6.092838e-09	6.230472e-09	6.368106e-09
5.183989e-09	5.334138e-09	5.484287e-09	5.634436e-09	5.784585e-09	5.934734e-09	6.084883e-09	6.235032e-09	6.385181e-09
5.242256e-09	5.387812e-09	5.533368e-09	5.678924e-09	5.824480e-09	5.970036e-09	6.115592e-09	6.261148e-09	6.406704e-09
5.021607e-09	5.166074e-09	5.310541e-09	5.455008e-09	5.599475e-09	5.743942e-09	5.888409e-09	6.032876e-09	6.177343e-09
4.889594e-09	5.047448e-09	5.205302e-09	5.363156e-09	5.521010e-09	5.678864e-09	5.836718e-09	5.994572e-09	6.152426e-09
4.988293e-09	5.149356e-09	5.310419e-09	5.471482e-09	5.632545e-09	5.793608e-09	5.954671e-09	6.115734e-09	6.276797e-09
5.087681e-09	5.209512e-09	5.331343e-09	5.453174e-09	5.575005e-09	5.696836e-09	5.818667e-09	5.940498e-09	6.062329e-09
5.069022e-09	5.201434e-09	5.333846e-09	5.466258e-09	5.598670e-09	5.731082e-09	5.863494e-09	5.995906e-09	6.128318e-09
4.868083e-09	5.027686e-09	5.187289e-09	5.346892e-09	5.506495e-09	5.666098e-09	5.825701e-09	5.985304e-09	6.144907e-09
5.024385e-09	5.155690e-09	5.286995e-09	5.418300e-09	5.549605e-09	5.680910e-09	5.812215e-09	5.943520e-09	6.074825e-09
4.973263e-09	5.123156e-09	5.273049e-09	5.422942e-09	5.572835e-09	5.722728e-09	5.872621e-09	6.022514e-09	6.172407e-09
4.771767e-09	4.914664e-09	5.057561e-09	5.200458e-09	5.343355e-09	5.486252e-09	5.629149e-09	5.772046e-09	5.914943e-09
4.775023e-09	4.927496e-09	5.079969e-09	5.232442e-09	5.384915e-09	5.537388e-09	5.689861e-09	5.842334e-09	5.994807e-09
4.786792e-09	4.938934e-09	5.091076e-09	5.243218e-09	5.395360e-09	5.547502e-09	5.699644e-09	5.851786e-09	6.003928e-09
4.879287e-09	5.016274e-09	5.153261e-09	5.290248e-09	5.427235e-09	5.564222e-09	5.701209e-09	5.838196e-09	5.975183e-09
4.829333e-09	4.975516e-09	5.121699e-09	5.267882e-09	5.414065e-09	5.560248e-09	5.706431e-09	5.852614e-09	5.998797e-09
4.789338e-09	4.934596e-09	5.079854e-09	5.225112e-09	5.370370e-09	5.515628e-09	5.660886e-09	5.806144e-09	5.951402e-09
4.766836e-09	4.907072e-09	5.047308e-09	5.187544e-09	5.327780e-09	5.468016e-09	5.608252e-09	5.748488e-09	5.888724e-09
4.699638e-09	4.836136e-09	4.972634e-09	5.109132e-09	5.245630e-09	5.382128e-09	5.518626e-09	5.655124e-09	5.791622e-09
4.636405e-09	4.777390e-09	4.918375e-09	5.059360e-09	5.200345e-09	5.341330e-09	5.482315e-09	5.623300e-09	5.764285e-09
4.718304e-09	4.836928e-09	4.955552e-09	5.074176e-09	5.192800e-09	5.311424e-09	5.430048e-09	5.548672e-09	5.667296e-09
4.626857e-09	4.767734e-09	4.908611e-09	5.049488e-09	5.190365e-09	5.331242e-09	5.472119e-09	5.612996e-09	5.753873e-09
4.683992e-09	4.821594e-09	4.959196e-09	5.096798e-09	5.234400e-09	5.372002e-09	5.509604e-09	5.647206e-09	5.784808e-09
4.579927e-09	4.706964e-09	4.834001e-09	4.961038e-09	5.088075e-09	5.215112e-09	5.342149e-09	5.469186e-09	5.596223e-09
4.591413e-09	4.730596e-09	4.869779e-09	5.008962e-09	5.148145e-09	5.287328e-09	5.426511e-09	5.565694e-09	5.704877e-09
4.457399e-09	4.601468e-09	4.745537e-09	4.889606e-09	5.033675e-09	5.177744e-09	5.321813e-09	5.465882e-09	5.609951e-09
4.495451e-09	4.649992e-09	4.804533e-09	4.959074e-09	5.113615e-09	5.268156e-09	5.422697e-09	5.577238e-09	5.731779e-09
4.414160e-09	4.549740e-09	4.685320e-09	4.820900e-09	4.956480e-09	5.092060e-09	5.227640e-09	5.363220e-09	5.498800e-09
4.449052e-09	4.577194e-09	4.705336e-09	4.833478e-09	4.961620e-09	5.089762e-09	5.217904e-09	5.346046e-09	5.474188e-09
4.447178e-09	4.580816e-09	4.714454e-09	4.848092e-09	4.981730e-09	5.115368e-09	5.249006e-09	5.382644e-09	5.516282e-09
4.575130e-09	4.706010e-09	4.836890e-09	4.967770e-09	5.098650e-09	5.229530e-09	5.360410e-09	5.491290e-09	5.622170e-09
4.317489e-09	4.462328e-09	4.607167e-09	4.752006e-09	4.896845e-09	5.041684e-09	5.186523e-09	5.331362e-09	5.476201e-09
4.520759e-09	4.630968e-09	4.741177e-09	4.851386e-09	4.961595e-09	5.071804e-09	5.182013e-09	5.292222e-09	5.402431e-09
4.329090e-09	4.466990e-09	4.604890e-09	4.742790e-09	4.880690e-09	5.018590e-09	5.156490e-09	5.294390e-09	5.432290e-09
4.366507e-09	4.500294e-09	4.634081e-09	4.767868e-09	4.901655e-09	5.035442e-09	5.169229e-09	5.303016e-09	5.436803e-09
4.327254e-09	4.456338e-09	4.585422e-09	4.714506e-09	4.843590e-09	4.972674e-09	5.101758e-09	5.230842e-09	5.359926e-09
4.196317e-09	4.360134e-09	4.523951e-09	4.687768e-09	4.851585e-09	5.015402e-09	5.179219e-09	5.343036e-09	5.506853e-09
4.179062e-09	4.325424e-09	4.471786e-09	4.618148e-09	4.764510e-09	4.910872e-09	5.057234e-09	5.203596e-09	5.349958e-09
4.322815e-09	4.445480e-09	4.568145e-09	4.690810e-09	4.813475e-09	4.936140e-09	5.058805e-09	5.181470e-09	5.304135e-09
4.195345e-09	4.327490e-09	4.459635e-09	4.591780e-09	4.723925e-09	4.856070e-09	4.988215e-09	5.120360e-09	5.252505e-09
4.252355e-09	4.385430e-09	4.518505e-09	4.651580e-09	4.784655e-09	4.917730e-09	5.050805e-09	5.183880e-09	5.316955e-09
4.160038e-09	4.287316e-09	4.414594e-09	4.541872e-09	4.669150e-09	4.796428e-09	4.923706e-09	5.050984e-09	5.178262e-09
4.225713e-09	4.355866e-09	4.486019e-09	4.616172e-09	4.746325e-09	4.876478e-09	5.006631e-09	5.136784e-09	5.266937e-09
4.087868e-09	4.220126e-09	4.352384e-09	4.484642e-09	4.616900e-09	4.749158e-09	4.881416e-09	5.013674e-09	5.145932e-09
4.042548e-09	4.175806e-09	4.309064e-09	4.442322e-09	4.575580e-09	4.708838e-09	4.842096e-09	4.975354e-09	5.108612e-09
4.177140e-09	4.304110e-09	4.431080e-09	4.558050e-09	4.685020e-09	4.811990e-09	4.938960e-09	5.065930e-09	5.192900e-09
4.097668e-09	4.213216e-09	4.328764e-09	4.444312e-09	4.559860e-09	4.675408e-09	4.790956e-09	4.906504e-09	5.022052e-09
4.069293e-09	4.191946e-09	4.314599e-09	4.437252e-09	4.559905e-09	4.682558e-09	4.805211e-09	4.927864e-09	5.050517e-09
3.906995e-09	4.049640e-09	4.192285e-09	4.334930e-09	4.477575e-09	4.620220e-09	4.762865e-09	4.905510e-09	5.048155e-09
3.974406e-09	4.109162e-09	4.243918e-09	4.378674e-09	4.513430e-09	4.648186e-09	4.782942e-09	4.917698e-09	5.052454e-09
3.921603e-09	4.051676e-09	4.181749e-09	4.311822e-09	4.441895e-09	4.571968e-09	4.702041e-09	4.832114e-09	4.962187e-09
3.937210e-09	4.073720e-09	4.210230e-09	4.346740e-09	4.483250e-09	4.619760e-09	4.756270e-09	4.892780e-09	5.029290e-09
4.095498e-09	4.215856e-09	4.336214e-09	4.456572e-09	4.576930e-09	4.697288e-09	4.817646e-09	4.938004e-09	5.058362e-09
3.857107e-09	4.001094e-09	4.145081e-09	4.289068e-09	4.433055e-09	4.577042e-09	4.721029e-09	4.865016e-09	5.009003e-09
4.018654e-09	4.159988e-09	4.301322e-09	4.442656e-09	4.583990e-09	4.725324e-09	4.866658e-09	5.007992e-09	5.149326e-09
3.866812e-09	4.007554e-09	4.148296e-09	4.289038e-09	4.429780e-09	4.570522e-09	4.711264e-09	4.852006e-09	4.992748e-09
3.923306e-09	4.047242e-09	4.171178e-09	4.295114e-09	4.419050e-09	4.542986e-09	4.666922e-09	4.790858e-09	4.914794e-09
3.801147e-09	3.951644e-09	4.102141e-09	4.252638e-09	4.403135e-09	4.553632e-09	4.704129e-09	4.854626e-09	5.005123e-09
3.730316e-09	3.862612e-09	3.994908e-09	4.127204e-09	4.259500e-09	4.391796e-09	4.524092e-09	4.656388e-09	4.788684e-09
3.753709e-09	3.887008e-09	4.020307e-09	4.153606e-09	4.286905e-09	4.420204e-09	4.553503e-09	4.686802e-09	4.820101e-09
3.732225e-09	3.855740e-09	3.979255e-09	4.102770e-09	4.226285e-09	4.349800e-09	4.473315e-09	4.596830e-09	4.720345e-09
3.749728e-09	3.870076e-09	3.990424e-09	4.110772e-09	4.231120e-09	4.351468e-09	4.471816e-09	4.592164e-09	4.712512e-09
3.676856e-09	3.814442e-09	3.952028e-09	4.089614e-09	4.227200e-09	4.364786e-09	4.502372e-09	4.639958e-09	4.777544e-09
3.650932e-09	3.781604e-09	3.912276e-09	4.042948e-09	4.173620e-09	4.304292e-09	4.434964e-09	4.565636e-09	4.696308e-09
3.592994e-09	3.722078e-09	3.851162e-09	3.980246e-09	4.109330e-09	4.238414e-09	4.367498e-09	4.496582e-09	4.625666e-09
3.672187e-09	3.792544e-09	3.912901e-09	4.033258e-09	4.153615e-09	4.273972e-09	4.394329e-09	4.514686e-09	4.635043e-09
3.655104e-09	3.782368e-09	3.909632e-09	4.036896e-09	4.164160e-09	4.291424e-09	4.418688e-09	4.545952e-09	4.673216e-09
3.617269e-09	3.756538e-09	3.895807e-09	4.035076e-09	4.174345e-09	4.313614e-09	4.452883e-09	4.592152e-09	4.731421e-09
3.710559e-09	3.827358e-09	3.944157e-09	4.060956e-09	4.177755e-09	4.294554e-09	4.411353e-09	4.528152e-09	4.644951e-09
3.537416e-09	3.666942e-09	3.796468e-09	3.925994e-09	4.055520e-09	4.185046e-09	4.314572e-09	4.444098e-09	4.573624e-09
3.637477e-09	3.766724e-09	3.895971e-09	4.025218e-09	4.154465e-09	4.283712e-09	4.412959e-09	4.542206e-09	4.671453e-09
3.605157e-09	3.735714e-09	3.866271e-09	3.996828e-09	4.127385e-09	4.257942e-09	4.388499e-09	4.519056e-09	4.649613e-09
3.572813e-09	3.700596e-09	3.828379e-09	3.956162e-09	4.083945e-09	4.211728e-09	4.339511e-09	4.467294e-09	4.595077e-09
3.457490e-09	3.599000e-09	3.740510e-09	3.882020e-09	4.023530e-09	4.165040e-09	4.306550e-09	4.448060e-09	4.589570e-09
3.407069e-09	3.542088e-09	3.677107e-09	3.812126e-09	3.947145e-09	4.082164e-09	4.217183e-09	4.352202e-09	4.487221e-09
3.426501e-09	3.548522e-09	3.670543e-09	3.792564e-09	3.914585e-09	4.036606e-09	4.158627e-09	4.280648e-09	4.402669e-09
3.311745e-09	3.462480e-09	3.613215e-09	3.763950e-09	3.914685e-09	4.065420e-09	4.216155e-09	4.366890e-09	4.517625e-09
3.554488e-09	3.665606e-09	3.776724e-09	3.887842e-09	3.998960e-09	4.110078e-09	4.221196e-09	4.332314e-09	4.443432e-09
3.301642e-09	3.428254e-09	3.554866e-09	3.681478e-09	3.808090e-09	3.934702e-09	4.061314e-09	4.187926e-09	4.314538e-09
3.250415e-09	3.366870e-09	3.483325e-09	3.599780e-09	3.716235e-09	3.832690e-09	3.949145e-09	4.065600e-09	4.182055e-09
3.332181e-09	3.456632e-09	3.581083e-09	3.705534e-09	3.829985e-09	3.954436e-09	4.078887e-09	4.203338e-09	4.327789e-09
3.358301e-09	3.501172e-09	3.644043e-09	3.786914e-09	3.929785e-09	4.072656e-09	4.215527e-09	4.358398e-09	4.501269e-09
3.231722e-09	3.355334e-09	3.478946e-09	3.602558e-09	3.726170e-09	3.849782e-09	3.973394e-09	4.097006e-09	4.220618e-09
3.350902e-09	3.478864e-09	3.606826e-09	3.734788e-09	3.862750e-09	3.990712e-09	4.118674e-09	4.246636e-09	4.374598e-09
3.321493e-09	3.453006e-09	3.584519e-09	3.716032e-09	3.847545e-09	3.979058e-09	4.110571e-09	4.242084e-09	4.373597e-09
3.299728e-09	3.414466e-09	3.529204e-09	3.643942e-09	3.758680e-09	3.873418e-09	3.988156e-09	4.102894e-09	4.217632e-09
3.206648e-09	3.338806e-09	3.470964e-09	3.603122e-09	3.735280e-09	3.867438e-09	3.999596e-09	4.131754e-09	4.263912e-09
3.279223e-09	3.386406e-09	3.493589e-09	3.600772e-09	3.707955e-09	3.815138e-09	3.922321e-09	4.029504e-09	4.136687e-09
3.178675e-09	3.313570e-09	3.448465e-09	3.583360e-09	3.718255e-09	3.853150e-09	3.988045e-09	4.122940e-09	4.257835e-09
3.131769e-09	3.261288e-09	3.390807e-09	3.520326e-09	3.649845e-09	3.779364e-09	3.908883e-09	4.038402e-09	4.167921e-09
3.108610e-09	3.251790e-09	3.394970e-09	3.538150e-09	3.681330e-09	3.824510e-09	3.967690e-09	4.110870e-09	4.254050e-09
3.087618e-09	3.211136e-09	3.334654e-09	3.458172e-09	3.581690e-09	3.705208e-09	3.828726e-09	3.952244e-09	4.075762e-09
3.152909e-09	3.272608e-09	3.392307e-09	3.512006e-09	3.631705e-09	3.751404e-09	3.871103e-09	3.990802e-09	4.110501e-09
3.064014e-09	3.184588e-09	3.305162e-09	3.425736e-09	3.546310e-09	3.666884e-09	3.787458e-09	3.908032e-09	4.028606e-09
3.129873e-09	3.246336e-09	3.362799e-09	3.479262e-09	3.595725e-09	3.712188e-09	3.828651e-09	3.945114e-09	4.061577e-09
3.067554e-09	3.175918e-09	3.284282e-09	3.392646e-09	3.501010e-09	3.609374e-09	3.717738e-09	3.826102e-09	3.934466e-09
3.123407e-09	3.232274e-09	3.341141e-09	3.450008e-09	3.558875e-09	3.667742e-09	3.776609e-09	3.885476e-09	3.994343e-09
2.961966e-09	3.111872e-09	3.261778e-09	3.411684e-09	3.561590e-09	3.711496e-09	3.861402e-09	4.011308e-09	4.161214e-09
3.072018e-09	3.192566e-09	3.313114e-09	3.433662e-09	3.554210e-09	3.674758e-09	3.795306e-09	3.915854e-09	4.036402e-09
2.911101e-09	3.034672e-09	3.158243e-09	3.281814e-09	3.405385e-09	3.528956e-09	3.652527e-09	3.776098e-09	3.899669e-09
2.928563e-09	3.061746e-09	3.194929e-09	3.328112e-09	3.461295e-09	3.594478e-09	3.727661e-09	3.860844e-09	3.994027e-09
2.992348e-09	3.112706e-09	3.233064e-09	3.353422e-09	3.473780e-09	3.594138e-09	3.714496e-09	3.834854e-09	3.955212e-09
2.893354e-09	3.022368e-09	3.151382e-09	3.280396e-09	3.409410e-09	3.538424e-09	3.667438e-09	3.796452e-09	3.925466e-09
2.910433e-09	3.046096e-09	3.181759e-09	3.317422e-09	3.453085e-09	3.588748e-09	3.724411e-09	3.860074e-09	3.995737e-09
2.882831e-09	2.988962e-09	3.095093e-09	3.201224e-09	3.307355e-09	3.413486e-09	3.519617e-09	3.625748e-09	3.731879e-09
2.965909e-09	3.073508e-09	3.181107e-09	3.288706e-09	3.396305e-09	3.503904e-09	3.611503e-09	3.719102e-09	3.826701e-09
2.757171e-09	2.903972e-09	3.050773e-09	3.197574e-09	3.344375e-09	3.491176e-09	3.637977e-09	3.784778e-09	3.931579e-09
2.868972e-09	2.988954e-09	3.108936e-09	3.228918e-09	3.348900e-09	3.468882e-09	3.588864e-09	3.708846e-09	3.828828e-09
2.862624e-09	2.990878e-09	3.119132e-09	3.247386e-09	3.375640e-09	3.503894e-09	3.632148e-09	3.760402e-09	3.888656e-09
2.816136e-09	2.945682e-09	3.075228e-09	3.204774e-09	3.334320e-09	3.463866e-09	3.593412e-09	3.722958e-09	3.852504e-09
2.796050e-09	2.915210e-09	3.034370e-09	3.153530e-09	3.272690e-09	3.391850e-09	3.511010e-09	3.630170e-09	3.749330e-09
2.779654e-09	2.907938e-09	3.036222e-09	3.164506e-09	3.292790e-09	3.421074e-09	3.549358e-09	3.677642e-09	3.805926e-09
2.868562e-09	2.968264e-09	3.067966e-09	3.167668e-09	3.267370e-09	3.367072e-09	3.466774e-09	3.566476e-09	3.666178e-09
2.743020e-09	2.875010e-09	3.007000e-09	3.138990e-09	3.270980e-09	3.402970e-09	3.534960e-09	3.666950e-09	3.798940e-09
2.717803e-09	2.839996e-09	2.962189e-09	3.084382e-09	3.206575e-09	3.328768e-09	3.450961e-09	3.573154e-09	3.695347e-09
2.733370e-09	2.850060e-09	2.966750e-09	3.083440e-09	3.200130e-09	3.316820e-09	3.433510e-09	3.550200e-09	3.666890e-09
2.699423e-09	2.798576e-09	2.897729e-09	2.996882e-09	3.096035e-09	3.195188e-09	3.294341e-09	3.393494e-09	3.492647e-09
2.625810e-09	2.736490e-09	2.847170e-09	2.957850e-09	3.068530e-09	3.179210e-09	3.289890e-09	3.400570e-09	3.511250e-09
2.696199e-09	2.802638e-09	2.909077e-09	3.015516e-09	3.121955e-09	3.228394e-09	3.334833e-09	3.441272e-09	3.547711e-09
2.609383e-09	2.731676e-09	2.853969e-09	2.976262e-09	3.098555e-09	3.220848e-09	3.343141e-09	3.465434e-09	3.587727e-09
2.661152e-09	2.761984e-09	2.862816e-09	2.963648e-09	3.064480e-09	3.165312e-09	3.266144e-09	3.366976e-09	3.467808e-09
2.517514e-09	2.649348e-09	2.781182e-09	2.913016e-09	3.044850e-09	3.176684e-09	3.308518e-09	3.440352e-09	3.572186e-09
2.498987e-09	2.634884e-09	2.770781e-09	2.906678e-09	3.042575e-09	3.178472e-09	3.314369e-09	3.450266e-09	3.586163e-09
2.537774e-09	2.660288e-09	2.782802e-09	2.905316e-09	3.027830e-09	3.150344e-09	3.272858e-09	3.395372e-09	3.517886e-09
2.381925e-09	2.524490e-09	2.667055e-09	2.809620e-09	2.952185e-09	3.094750e-09	3.237315e-09	3.379880e-09	3.522445e-09
2.543771e-09	2.660792e-09	2.777813e-09	2.894834e-09	3.011855e-09	3.128876e-09	3.245897e-09	3.362918e-09	3.479939e-09
2.482318e-09	2.589786e-09	2.697254e-09	2.804722e-09	2.912190e-09	3.019658e-09	3.127126e-09	3.234594e-09	3.342062e-09
2.413476e-09	2.537232e-09	2.660988e-09	2.784744e-09	2.908500e-09	3.032256e-09	3.156012e-09	3.279768e-09	3.403524e-09
2.583734e-09	2.699318e-09	2.814902e-09	2.930486e-09	3.046070e-09	3.161654e-09	3.277238e-09	3.392822e-09	3.508406e-09
2.535974e-09	2.637818e-09	2.739662e-09	2.841506e-09	2.943350e-09	3.045194e-09	3.147038e-09	3.248882e-09	3.350726e-09
2.440667e-09	2.561104e-09	2.681541e-09	2.801978e-09	2.922415e-09	3.042852e-09	3.163289e-09	3.283726e-09	3.404163e-09
2.441033e-09	2.557916e-09	2.674799e-09	2.791682e-09	2.908565e-09	3.025448e-09	3.142331e-09	3.259214e-09	3.376097e-09
2.424687e-09	2.536724e-09	2.648761e-09	2.760798e-09	2.872835e-09	2.984872e-09	3.096909e-09	3.208946e-09	3.320983e-09
2.379701e-09	2.506692e-09	2.633683e-09	2.760674e-09	2.887665e-09	3.014656e-09	3.141647e-09	3.268638e-09	3.395629e-09
2.325447e-09	2.446164e-09	2.566881e-09	2.687598e-09	2.808315e-09	2.929032e-09	3.049749e-09	3.170466e-09	3.291183e-09
2.378673e-09	2.485566e-09	2.592459e-09	2.699352e-09	2.806245e-09	2.913138e-09	3.020031e-09	3.126924e-09	3.233817e-09
2.340443e-09	2.460606e-09	2.580769e-09	2.700932e-09	2.821095e-09	2.941258e-09	3.061421e-09	3.181584e-09	3.301747e-09
2.388830e-09	2.511400e-09	2.633970e-09	2.756540e-09	2.879110e-09	3.001680e-09	3.124250e-09	3.246820e-09	3.369390e-09
2.376459e-09	2.488188e-09	2.599917e-09	2.711646e-09	2.823375e-09	2.935104e-09	3.046833e-09	3.158562e-09	3.270291e-09
2.317971e-09	2.436862e-09	2.555753e-09	2.674644e-09	2.793535e-09	2.912426e-09	3.031317e-09	3.150208e-09	3.269099e-09
2.307408e-09	2.398926e-09	2.490444e-09	2.581962e-09	2.673480e-09	2.764998e-09	2.856516e-09	2.948034e-09	3.039552e-09
2.200268e-09	2.328116e-09	2.455964e-09	2.583812e-09	2.711660e-09	2.839508e-09	2.967356e-09	3.095204e-09	3.223052e-09
2.312269e-09	2.425928e-09	2.539587e-09	2.653246e-09	2.766905e-09	2.880564e-09	2.994223e-09	3.107882e-09	3.221541e-09
2.321477e-09	2.415564e-09	2.509651e-09	2.603738e-09	2.697825e-09	2.791912e-09	2.885999e-09	2.980086e-09	3.074173e-09
3.485281e-09	4.817672e-09	6.150063e-09	7.482454e-09	8.814845e-09	1.014724e-08	1.147963e-08	1.281202e-08	1.414441e-08
2.242160e-09	2.349970e-09	2.457780e-09	2.565590e-09	2.673400e-09	2.781210e-09	2.889020e-09	2.996830e-09	3.104640e-09
2.125164e-09	2.258848e-09	2.392532e-09	2.526216e-09	2.659900e-09	2.793584e-09	2.927268e-09	3.060952e-09	3.194636e-09
2.184619e-09	2.292698e-09	2.400777e-09	2.508856e-09	2.616935e-09	2.725014e-09	2.833093e-09	2.941172e-09	3.049251e-09
2.089381e-09	2.207882e-09	2.326383e-09	2.444884e-09	2.563385e-09	2.681886e-09	2.800387e-09	2.918888e-09	3.037389e-09
2.059064e-09	2.182808e-09	2.306552e-09	2.430296e-09	2.554040e-09	2.677784e-09	2.801528e-09	2.925272e-09	3.049016e-09
2.118721e-09	2.226762e-09	2.334803e-09	2.442844e-09	2.550885e-09	2.658926e-09	2.766967e-09	2.875008e-09	2.983049e-09
2.041905e-09	2.163570e-09	2.285235e-09	2.406900e-09	2.528565e-09	2.650230e-09	2.771895e-09	2.893560e-09	3.015225e-09
1.997695e-09	2.108040e-09	2.218385e-09	2.328730e-09	2.439075e-09	2.549420e-09	2.659765e-09	2.770110e-09	2.880455e-09
1.980402e-09	2.111804e-09	2.243206e-09	2.374608e-09	2.506010e-09	2.637412e-09	2.768814e-09	2.900216e-09	3.031618e-09
2.084183e-09	2.194096e-09	2.304009e-09	2.413922e-09	2.523835e-09	2.633748e-09	2.743661e-09	2.853574e-09	2.963487e-09
2.059313e-09	2.173006e-09	2.286699e-09	2.400392e-09	2.514085e-09	2.627778e-09	2.741471e-09	2.855164e-09	2.968857e-09
2.015741e-09	2.119622e-09	2.223503e-09	2.327384e-09	2.431265e-09	2.535146e-09	2.639027e-09	2.742908e-09	2.846789e-09
1.945505e-09	2.062340e-09	2.179175e-09	2.296010e-09	2.412845e-09	2.529680e-09	2.646515e-09	2.763350e-09	2.880185e-09
4.274420e-09	6.658440e-09	9.042460e-09	1.142648e-08	1.381050e-08	1.619452e-08	1.857854e-08	2.096256e-08	2.334658e-08
1.889470e-09	2.008750e-09	2.128030e-09	2.247310e-09	2.366590e-09	2.485870e-09	2.605150e-09	2.724430e-09	2.843710e-09
1.934103e-09	2.051836e-09	2.169569e-09	2.287302e-09	2.405035e-09	2.522768e-09	2.640501e-09	2.758234e-09	2.875967e-09
1.983343e-09	2.085126e-09	2.186909e-09	2.288692e-09	2.390475e-09	2.492258e-09	2.594041e-09	2.695824e-09	2.797607e-09
1.796985e-09	1.914560e-09	2.032135e-09	2.149710e-09	2.267285e-09	2.384860e-09	2.502435e-09	2.620010e-09	2.737585e-09
1.865200e-09	1.983210e-09	2.101220e-09	2.219230e-09	2.337240e-09	2.455250e-09	2.573260e-09	2.691270e-09	2.809280e-09
1.877534e-09	1.993118e-09	2.108702e-09	2.224286e-09	2.339870e-09	2.455454e-09	2.571038e-09	2.686622e-09	2.802206e-09
1.850910e-09	1.957350e-09	2.063790e-09	2.170230e-09	2.276670e-09	2.383110e-09	2.489550e-09	2.595990e-09	2.702430e-09
1.889709e-09	2.012428e-09	2.135147e-09	2.257866e-09	2.380585e-09	2.503304e-09	2.626023e-09	2.748742e-09	2.871461e-09
1.824712e-09	1.936194e-09	2.047676e-09	2.159158e-09	2.270640e-09	2.382122e-09	2.493604e-09	2.605086e-09	2.716568e-09
1.823896e-09	1.939812e-09	2.055728e-09	2.171644e-09	2.287560e-09	2.403476e-09	2.519392e-09	2.635308e-09	2.751224e-09
1.799412e-09	1.906784e-09	2.014156e-09	2.121528e-09	2.228900e-09	2.336272e-09	2.443644e-09	2.551016e-09	2.658388e-09
1.680338e-09	1.803006e-09	1.925674e-09	2.048342e-09	2.171010e-09	2.293678e-09	2.416346e-09	2.539014e-09	2.661682e-09
1.811290e-09	1.929350e-09	2.047410e-09	2.165470e-09	2.283530e-09	2.401590e-09	2.519650e-09	2.637710e-09	2.755770e-09
1.792283e-09	1.913726e-09	2.035169e-09	2.156612e-09	2.278055e-09	2.399498e-09	2.520941e-09	2.642384e-09	2.763827e-09
1.647850e-09	1.776580e-09	1.905310e-09	2.034040e-09	2.162770e-09	2.291500e-09	2.420230e-09	2.548960e-09	2.677690e-09
1.759965e-09	1.878400e-09	1.996835e-09	2.115270e-09	2.233705e-09	2.352140e-09	2.470575e-09	2.589010e-09	2.707445e-09
1.675362e-09	1.787074e-09	1.898786e-09	2.010498e-09	2.122210e-09	2.233922e-09	2.345634e-09	2.457346e-09	2.569058e-09
1.631349e-09	1.748358e-09	1.865367e-09	1.982376e-09	2.099385e-09	2.216394e-09	2.333403e-09	2.450412e-09	2.567421e-09
1.661824e-09	1.770898e-09	1.879972e-09	1.989046e-09	2.098120e-09	2.207194e-09	2.316268e-09	2.425342e-09	2.534416e-09
1.720845e-09	1.844880e-09	1.968915e-09	2.092950e-09	2.216985e-09	2.341020e-09	2.465055e-09	2.589090e-09	2.713125e-09
1.689345e-09	1.801020e-09	1.912695e-09	2.024370e-09	2.136045e-09	2.247720e-09	2.359395e-09	2.471070e-09	2.582745e-09
1.625811e-09	1.747582e-09	1.869353e-09	1.991124e-09	2.112895e-09	2.234666e-09	2.356437e-09	2.478208e-09	2.599979e-09
1.529784e-09	1.649028e-09	1.768272e-09	1.887516e-09	2.006760e-09	2.126004e-09	2.245248e-09	2.364492e-09	2.483736e-09
1.624787e-09	1.744274e-09	1.863761e-09	1.983248e-09	2.102735e-09	2.222222e-09	2.341709e-09	2.461196e-09	2.580683e-09
1.536440e-09	1.662670e-09	1.788900e-09	1.915130e-09	2.041360e-09	2.167590e-09	2.293820e-09	2.420050e-09	2.546280e-09
1.619001e-09	1.749582e-09	1.880163e-09	2.010744e-09	2.141325e-09	2.271906e-09	2.402487e-09	2.533068e-09	2.663649e-09
1.545330e-09	1.657400e-09	1.769470e-09	1.881540e-09	1.993610e-09	2.105680e-09	2.217750e-09	2.329820e-09	2.441890e-09
1.499197e-09	1.615034e-09	1.730871e-09	1.846708e-09	1.962545e-09	2.078382e-09	2.194219e-09	2.310056e-09	2.425893e-09
1.535077e-09	1.653234e-09	1.771391e-09	1.889548e-09	2.007705e-09	2.125862e-09	2.244019e-09	2.362176e-09	2.480333e-09
1.539677e-09	1.657454e-09	1.775231e-09	1.893008e-09	2.010785e-09	2.128562e-09	2.246339e-09	2.364116e-09	2.481893e-09
1.468097e-09	1.574634e-09	1.681171e-09	1.787708e-09	1.894245e-09	2.000782e-09	2.107319e-09	2.213856e-09	2.320393e-09
1.415688e-09	1.516196e-09	1.616704e-09	1.717212e-09	1.817720e-09	1.918228e-09	2.018736e-09	2.119244e-09	2.219752e-09
1.395305e-09	1.505470e-09	1.615635e-09	1.725800e-09	1.835965e-09	1.946130e-09	2.056295e-09	2.166460e-09	2.276625e-09
1.399217e-09	1.517284e-09	1.635351e-09	1.753418e-09	1.871485e-09	1.989552e-09	2.107619e-09	2.225686e-09	2.343753e-09
1.401398e-09	1.536196e-09	1.670994e-09	1.805792e-09	1.940590e-09	2.075388e-09	2.210186e-09	2.344984e-09	2.479782e-09
1.413552e-09	1.526544e-09	1.639536e-09	1.752528e-09	1.865520e-09	1.978512e-09	2.091504e-09	2.204496e-09	2.317488e-09
1.380727e-09	1.493854e-09	1.606981e-09	1.720108e-09	1.833235e-09	1.946362e-09	2.059489e-09	2.172616e-09	2.285743e-09
1.389452e-09	1.509244e-09	1.629036e-09	1.748828e-09	1.868620e-09	1.988412e-09	2.108204e-09	2.227996e-09	2.347788e-09
1.362693e-09	1.478856e-09	1.595019e-09	1.711182e-09	1.827345e-09	1.943508e-09	2.059671e-09	2.175834e-09	2.291997e-09
1.375740e-09	1.495580e-09	1.615420e-09	1.735260e-09	1.855100e-09	1.974940e-09	2.094780e-09	2.214620e-09	2.334460e-09
1.347249e-09	1.458998e-09	1.570747e-09	1.682496e-09	1.794245e-09	1.905994e-09	2.017743e-09	2.129492e-09	2.241241e-09
1.329744e-09	1.437608e-09	1.545472e-09	1.653336e-09	1.761200e-09	1.869064e-09	1.976928e-09	2.084792e-09	2.192656e-09
1.289178e-09	1.402536e-09	1.515894e-09	1.629252e-09	1.742610e-09	1.855968e-09	1.969326e-09	2.082684e-09	2.196042e-09
1.322008e-09	1.437756e-09	1.553504e-09	1.669252e-09	1.785000e-09	1.900748e-09	2.016496e-09	2.132244e-09	2.247992e-09
1.334913e-09	1.445826e-09	1.556739e-09	1.667652e-09	1.778565e-09	1.889478e-09	2.000391e-09	2.111304e-09	2.222217e-09
1.259517e-09	1.378824e-09	1.498131e-09	1.617438e-09	1.736745e-09	1.856052e-09	1.975359e-09	2.094666e-09	2.213973e-09
1.249522e-09	1.367214e-09	1.484906e-09	1.602598e-09	1.720290e-09	1.837982e-09	1.955674e-09	2.073366e-09	2.191058e-09
1.228020e-09	1.350320e-09	1.472620e-09	1.594920e-09	1.717220e-09	1.839520e-09	1.961820e-09	2.084120e-09	2.206420e-09
1.243324e-09	1.351828e-09	1.460332e-09	1.568836e-09	1.677340e-09	1.785844e-09	1.894348e-09	2.002852e-09	2.111356e-09
1.168275e-09	1.281740e-09	1.395205e-09	1.508670e-09	1.622135e-09	1.735600e-09	1.849065e-09	1.962530e-09	2.075995e-09
1.159592e-09	1.272144e-09	1.384696e-09	1.497248e-09	1.609800e-09	1.722352e-09	1.834904e-09	1.947456e-09	2.060008e-09
1.137758e-09	1.254466e-09	1.371174e-09	1.487882e-09	1.604590e-09	1.721298e-09	1.838006e-09	1.954714e-09	2.071422e-09
1.148853e-09	1.261366e-09	1.373879e-09	1.486392e-09	1.598905e-09	1.711418e-09	1.823931e-09	1.936444e-09	2.048957e-09
1.162996e-09	1.264002e-09	1.365008e-09	1.466014e-09	1.567020e-09	1.668026e-09	1.769032e-09	1.870038e-09	1.971044e-09
1.168876e-09	1.280012e-09	1.391148e-09	1.502284e-09	1.613420e-09	1.724556e-09	1.835692e-09	1.946828e-09	2.057964e-09
1.142211e-09	1.260312e-09	1.378413e-09	1.496514e-09	1.614615e-09	1.732716e-09	1.850817e-09	1.968918e-09	2.087019e-09
1.073745e-09	1.190965e-09	1.308184e-09	1.425404e-09	1.542623e-09	1.659842e-09	1.777062e-09	1.894281e-09	2.011501e-09
1.094320e-09	1.214504e-09	1.334687e-09	1.454870e-09	1.575053e-09	1.695237e-09	1.815420e-09	1.935603e-09	2.055787e-09
1.076203e-09	1.191162e-09	1.306120e-09	1.421079e-09	1.536038e-09	1.650996e-09	1.765954e-09	1.880913e-09	1.995871e-09
1.086859e-09	1.201643e-09	1.316426e-09	1.431210e-09	1.545993e-09	1.660776e-09	1.775560e-09	1.890343e-09	2.005127e-09
1.042836e-09	1.149680e-09	1.256523e-09	1.363367e-09	1.470211e-09	1.577055e-09	1.683899e-09	1.790742e-09	1.897586e-09
1.044560e-09	1.175325e-09	1.306089e-09	1.436854e-09	1.567618e-09	1.698382e-09	1.829147e-09	1.959911e-09	2.090676e-09
9.925628e-10	1.117714e-09	1.242864e-09	1.368015e-09	1.493166e-09	1.618317e-09	1.743468e-09	1.868618e-09	1.993769e-09
1.004969e-09	1.127242e-09	1.249514e-09	1.371786e-09	1.494059e-09	1.616331e-09	1.738603e-09	1.860875e-09	1.983148e-09
9.647246e-10	1.088485e-09	1.212246e-09	1.336006e-09	1.459767e-09	1.583528e-09	1.707288e-09	1.831049e-09	1.954809e-09
9.426338e-10	1.057196e-09	1.171757e-09	1.286319e-09	1.400881e-09	1.515443e-09	1.630005e-09	1.744566e-09	1.859128e-09
9.730264e-10	1.091267e-09	1.209507e-09	1.327748e-09	1.445988e-09	1.564228e-09	1.682469e-09	1.800709e-09	1.918950e-09
8.906399e-10	1.017069e-09	1.143498e-09	1.269927e-09	1.396356e-09	1.522784e-09	1.649213e-09	1.775642e-09	1.902071e-09
9.333248e-10	1.043828e-09	1.154330e-09	1.264833e-09	1.375336e-09	1.485839e-09	1.596342e-09	1.706844e-09	1.817347e-09
8.336843e-10	9.609716e-10	1.088259e-09	1.215546e-09	1.342833e-09	1.470121e-09	1.597408e-09	1.724695e-09	1.851983e-09
8.865493e-10	1.000582e-09	1.114614e-09	1.228646e-09	1.342679e-09	1.456711e-09	1.570743e-09	1.684775e-09	1.798808e-09
9.042170e-10	1.027544e-09	1.150871e-09	1.274198e-09	1.397525e-09	1.520852e-09	1.644179e-09	1.767506e-09	1.890833e-09
7.904545e-10	9.198340e-10	1.049214e-09	1.178593e-09	1.307972e-09	1.437352e-09	1.566731e-09	1.696111e-09	1.825491e-09
8.319208e-10	9.581096e-10	1.084298e-09	1.210487e-09	1.336676e-09	1.462865e-09	1.589054e-09	1.715242e-09	1.841431e-09
8.076746e-10	9.289552e-10	1.050236e-09	1.171516e-09	1.292797e-09	1.414078e-09	1.535358e-09	1.656639e-09	1.777919e-09
1.083109e-09	1.481818e-09	1.880527e-09	2.279236e-09	2.677945e-09	3.076654e-09	3.475363e-09	3.874072e-09	4.272781e-09
8.257619e-10	9.446628e-10	1.063564e-09	1.182465e-09	1.301365e-09	1.420266e-09	1.539167e-09	1.658068e-09	1.776969e-09
7.972786e-10	9.282332e-10	1.059188e-09	1.190142e-09	1.321097e-09	1.452052e-09	1.583006e-09	1.713961e-09	1.844915e-09
1.246551e-09	1.843857e-09	2.441162e-09	3.038468e-09	3.635773e-09	4.233078e-09	4.830384e-09	5.427689e-09	6.024995e-09
7.315502e-10	8.476124e-10	9.636746e-10	1.079737e-09	1.195799e-09	1.311861e-09	1.427923e-09	1.543986e-09	1.660048e-09
7.440044e-10	8.678028e-10	9.916012e-10	1.115400e-09	1.239198e-09	1.362996e-09	1.486795e-09	1.610593e-09	1.734392e-09
6.829224e-10	8.046488e-10	9.263752e-10	1.048102e-09	1.169828e-09	1.291554e-09	1.413281e-09	1.535007e-09	1.656734e-09
7.524579e-10	8.801248e-10	1.007792e-09	1.135459e-09	1.263126e-09	1.390792e-09	1.518459e-09	1.646126e-09	1.773793e-09
6.827753e-10	8.141236e-10	9.454719e-10	1.076820e-09	1.208168e-09	1.339517e-09	1.470865e-09	1.602213e-09	1.733562e-09
6.099407e-10	7.418184e-10	8.736961e-10	1.005574e-09	1.137452e-09	1.269329e-09	1.401207e-09	1.533085e-09	1.664962e-09
6.418344e-10	7.629428e-10	8.840512e-10	1.005160e-09	1.126268e-09	1.247376e-09	1.368485e-09	1.489593e-09	1.610702e-09
5.891404e-10	7.167648e-10	8.443892e-10	9.720136e-10	1.099638e-09	1.227262e-09	1.354887e-09	1.482511e-09	1.610136e-09
5.957859e-10	7.108508e-10	8.259157e-10	9.409806e-10	1.056046e-09	1.171110e-09	1.286175e-09	1.401240e-09	1.516305e-09
5.573784e-10	6.834108e-10	8.094432e-10	9.354756e-10	1.061508e-09	1.187540e-09	1.313573e-09	1.439605e-09	1.565638e-09
5.531936e-10	6.815532e-10	8.099128e-10	9.382724e-10	1.066632e-09	1.194992e-09	1.323351e-09	1.451711e-09	1.580070e-09
4.857013e-10	6.116256e-10	7.375499e-10	8.634742e-10	9.893985e-10	1.115323e-09	1.241247e-09	1.367171e-09	1.493096e-09
4.865691e-10	6.171492e-10	7.477293e-10	8.783094e-10	1.008890e-09	1.139470e-09	1.270050e-09	1.400630e-09	1.531210e-09
5.086192e-10	6.434404e-10	7.782616e-10	9.130828e-10	1.047904e-09	1.182725e-09	1.317546e-09	1.452368e-09	1.587189e-09
4.771721e-10	6.191552e-10	7.611383e-10	9.031214e-10	1.045105e-09	1.187088e-09	1.329071e-09	1.471054e-09	1.613037e-09
4.084218e-10	5.375416e-10	6.666614e-10	7.957812e-10	9.249010e-10	1.054021e-09	1.183141e-09	1.312260e-09	1.441380e-09
3.819377e-10	5.149424e-10	6.479471e-10	7.809518e-10	9.139565e-10	1.046961e-09	1.179966e-09	1.312971e-09	1.445975e-09
4.111752e-10	5.576024e-10	7.040296e-10	8.504568e-10	9.968840e-10	1.143311e-09	1.289738e-09	1.436166e-09	1.582593e-09
4.010125e-10	5.465800e-10	6.921475e-10	8.377150e-10	9.832825e-10	1.128850e-09	1.274417e-09	1.419985e-09	1.565553e-09
5.207520e-10	8.372940e-10	1.153836e-09	1.470378e-09	1.786920e-09	2.103462e-09	2.420004e-09	2.736546e-09	3.053088e-09
3.576493e-10	4.904216e-10	6.231939e-10	7.559662e-10	8.887385e-10	1.021511e-09	1.154283e-09	1.287055e-09	1.419828e-09
3.313599e-10	4.680788e-10	6.047977e-10	7.415166e-10	8.782355e-10	1.014954e-09	1.151673e-09	1.288392e-09	1.425111e-09
2.867782e-10	4.236384e-10	5.604986e-10	6.973588e-10	8.342190e-10	9.710792e-10	1.107939e-09	1.244800e-09	1.381660e-09
3.064144e-10	4.819828e-10	6.575512e-10	8.331196e-10	1.008688e-09	1.184256e-09	1.359825e-09	1.535393e-09	1.710962e-09
2.676421e-10	4.045052e-10	5.413683e-10	6.782314e-10	8.150945e-10	9.519576e-10	1.088821e-09	1.225684e-09	1.362547e-09
2.259416e-10	3.577858e-10	4.896301e-10	6.214744e-10	7.533186e-10	8.851629e-10	1.017007e-09	1.148851e-09	1.280696e-09
2.079925e-10	3.474055e-10	4.868186e-10	6.262316e-10	7.656447e-10	9.050578e-10	1.044471e-09	1.183884e-09	1.323297e-09
2.144650e-10	3.452396e-10	4.760141e-10	6.067887e-10	7.375633e-10	8.683379e-10	9.991124e-10	1.129887e-09	1.260662e-09
2.013875e-10	3.321621e-10	4.629367e-10	5.937113e-10	7.244858e-10	8.552604e-10	9.860350e-10	1.116810e-09	1.247584e-09
1.883101e-10	3.190847e-10	4.498592e-10	5.806338e-10	7.114084e-10	8.421829e-10	9.729575e-10	1.103732e-09	1.234507e-09
1.752326e-10	3.060072e-10	4.367818e-10	5.675563e-10	6.983309e-10	8.291055e-10	9.598801e-10	1.090655e-09	1.221429e-09
1.621552e-10	2.929297e-10	4.237043e-10	5.544789e-10	6.852535e-10	8.160280e-10	9.468026e-10	1.077577e-09	1.208352e-09
1.490777e-10	2.798523e-10	4.106269e-10	5.414014e-10	6.721760e-10	8.029506e-10	9.337251e-10	1.064500e-09	1.195274e-09
1.360003e-10	2.667748e-10	3.975494e-10	5.283240e-10	6.590985e-10	7.898731e-10	9.206477e-10	1.051422e-09	1.182197e-09
1.229228e-10	2.536974e-10	3.844719e-10	5.152465e-10	6.460211e-10	7.767957e-10	9.075702e-10	1.038345e-09	1.169119e-09
1.098453e-10	2.406199e-10	3.713945e-10	5.021691e-10	6.329436e-10	7.637182e-10	8.944928e-10	1.025267e-09	1.156042e-09
9.676789e-11	2.275425e-10	3.583170e-10	4.890916e-10	6.198662e-10	7.506407e-10	8.814153e-10	1.012190e-09	1.142964e-09
1.000000e-35	2.144650e-10	3.452396e-10	4.760141e-10	6.067887e-10	7.375633e-10	8.683379e-10	9.991124e-10	1.129887e-09
1.000000e-35	2.013875e-10	3.321621e-10	4.629367e-10	5.937113e-10	7.244858e-10	8.552604e-10	9.860350e-10	1.116810e-09
1.000000e-35	1.883101e-10	3.190847e-10	4.498592e-10	5.806338e-10	7.114084e-10	8.421829e-10	9.729575e-10	1.103732e-09
1.000000e-35	1.752326e-10	3.060072e-10	4.367818e-10	5.675563e-10	6.983309e-10	8.291055e-10	9.598801e-10	1.090655e-09
1.000000e-35	1.621552e-10	2.929297e-10	4.237043e-10	5.544789e-10	6.852535e-10	8.160280e-10	9.468026e-10	1.077577e-09
1.000000e-35	1.490777e-10	2.798523e-10	4.106269e-10	5.414014e-10	6.721760e-10	8.029506e-10	9.337251e-10	1.064500e-09
1.000000e-35	1.360003e-10	2.667748e-10	3.975494e-10	5.283240e-10	6.590985e-10	7.898731e-10	9.206477e-10	1.051422e-09
1.000000e-35	1.229228e-10	2.536974e-10	3.844719e-10	5.152465e-10	6.460211e-10	7.767957e-10	9.075702e-10	1.038345e-09
1.000000e-35	1.098453e-10	2.406199e-10	3.713945e-10	5.021691e-10	6.329436e-10	7.637182e-10	8.944928e-10	1.025267e-09
1.000000e-35	9.676789e-11	2.275425e-10	3.583170e-10	4.890916e-10	6.198662e-10	7.506407e-10	8.814153e-10	1.012190e-09
1.000000e-35	1.000000e-35	2.144650e-10	3.452396e-10	4.760141e-10	6.067887e-10	7.375633e-10	8.683379e-10	9.991124e-10
1.000000e-35	1.000000e-35	2.013875e-10	3.321621e-10	4.629367e-10	5.937113e-10	7.244858e-10	8.552604e-10	9.860350e-10
1.000000e-35	1.000000e-35	1.883101e-10	3.190847e-10	4.498592e-10	5.806338e-10	7.114084e-10	8.421829e-10	9.729575e-10
1.000000e-35	1.000000e-35	1.752326e-10	3.060072e-10	4.367818e-10	5.675563e-10	6.983309e-10	8.291055e-10	9.598801e-10
1.000000e-35	1.000000e-35	1.621552e-10	2.929297e-10	4.237043e-10	5.544789e-10	6.852535e-10	8.160280e-10	9.468026e-10
1.000000e-35	1.000000e-35	1.490777e-10	2.798523e-10	4.106269e-10	5.414014e-10	6.721760e-10	8.029506e-10	9.337251e-10
1.000000e-35	1.000000e-35	1.360003e-10	2.667748e-10	3.975494e-10	5.283240e-10	6.590985e-10	7.898731e-10	9.206477e-10
1.000000e-35	1.000000e-35	1.229228e-10	2.536974e-10	3.844719e-10	5.152465e-10	6.460211e-10	7.767957e-10	9.075702e-10
1.000000e-35	1.000000e-35	1.098453e-10	2.406199e-10	3.713945e-10	5.021691e-10	6.329436e-10	7.637182e-10	8.944928e-10
1.000000e-35	1.000000e-35	9.676789e-11	2.275425e-10	3.583170e-10	4.890916e-10	6.198662e-10	7.506407e-10	8.814153e-10
1.000000e-35	1.000000e-35	1.000000e-35	2.144650e-10	3.452396e-10	4.760141e-10	6.067887e-10	7.375633e-10	8.683379e-10
1.000000e-35	1.000000e-35	1.000000e-35	2.013875e-10	3.321621e-10	4.629367e-10	5.937113e-10	7.244858e-10	8.552604e-10
1.000000e-35	1.000000e-35	1.000000e-35	1.883101e-10	3.190847e-10	4.498592e-10	5.806338e-10	7.114084e-10	8.421829e-10
1.000000e-35	1.000000e-35	1.000000e-35	1.752326e-10	3.060072e-10	4.367818e-10	5.675563e-10	6.983309e-10	8.291055e-10
1.000000e-35	1.000000e-35	1.000000e-35	1.621552e-10	2.929297e-10	4.237043e-10	5.544789e-10	6.852535e-10	8.160280e-10
1.000000e-35	1.000000e-35	1.000000e-35	1.490777e-10	2.798523e-10	4.106269e-10	5.414014e-10	6.721760e-10	8.029506e-10
1.000000e-35	1.000000e-35	1.000000e-35	1.360003e-10	2.667748e-10	3.975494e-10	5.283240e-10	6.590985e-10	7.898731e-10
1.000000e-35	1.000000e-35	1.000000e-35	1.229228e-10	2.536974e-10	3.844719e-10	5.152465e-10	6.460211e-10	7.767957e-10
1.000000e-35	1.000000e-35	1.000000e-35	1.098453e-10	2.406199e-10	3.713945e-10	5.021691e-10	6.329436e-10	7.637182e-10
1.000000e-35	1.000000e-35	1.000000e-35	9.676789e-11	2.275425e-10	3.583170e-10	4.890916e-10	6.198662e-10	7.506407e-10
1.000000e-35	1.000000e-35	1.000000e-35	1.000000e-35	2.144650e-10	3.452396e-10	4.760141e-10	6.067887e-10	7.375633e-10
1.000000e-35	1.000000e-35	1.000000e-35	1.000000e-35	2.013875e-10	3.321621e-10	4.629367e-10	5.937113e-10	7.244858e-10
1.000000e-35	1.000000e-35	1.000000e-35	1.000000e-35	1.883101e-10	3.190847e-10	4.498592e-10	5.806338e-10	7.114084e-10
1.000000e-35	1.000000e-35	1.000000e-35	1.000000e-35	1.752326e-10	3.060072e-10	4.367818e-10	5.675563e-10	6.983309e-10
1.000000e-35	1.000000e-35	1.000000e-35	1.000000e-35	1.621552e-10	2.929297e-10	4.237043e-10	5.544789e-10	6.852535e-10
1.000000e-35	1.000000e-35	1.000000e-35	1.000000e-35	1.490777e-10	2.798523e-10	4.106269e-10	5.414014e-10	6.721760e-10
1.000000e-35	1.000000e-35	1.000000e-35	1.000000e-35	1.360003e-10	2.667748e-10	3.975494e-10	5.283240e-10	6.590985e-10
1.000000e-35	1.000000e-35	1.000000e-35	1.000000e-35	1.229228e-10	2.536974e-10	3.844719e-10	5.152465e-10	6.460211e-10
1.000000e-35	1.000000e-35	1.000000e-35	1.000000e-35	1.098453e-10	2.406199e-10	3.713945e-10	5.021691e-10	6.329436e-10
1.000000e-35	1.000000e-35	1.000000e-35	1.000000e-35	9.676789e-11	2.275425e-10	3.583170e-10	4.890916e-10	6.198662e-10
1.000000e-35	1.000000e-35	1.000000e-35	1.000000e-35	1.000000e-35	2.144650e-10	3.452396e-10	4.760141e-10	6.067887e-10
1.000000e-35	1.000000e-35	1.000000e-35	1.000000e-35	1.000000e-35	2.013875e-10	3.321621e-10	4.629367e-10	5.937113e-10
1.000000e-35	1.000000e-35	1.000000e-35	1.000000e-35	1.000000e-35	1.883101e-10	3.190847e-10	4.498592e-10	5.806338e-10
1.000000e-35	1.000000e-35	1.000000e-35	1.000000e-35	1.000000e-35	1.752326e-10	3.060072e-10	4.367818e-10	5.675563e-10
1.000000e-35	1.000000e-35	1.000000e-35	1.000000e-35	1.000000e-35	1.621552e-10	2.929297e-10	4.237043e-10	5.544789e-10
1.000000e-35	1.000000e-35	1.000000e-35	1.000000e-35	1.000000e-35	1.490777e-10	2.798523e-10	4.106269e-10	5.414014e-10
1.000000e-35	1.000000e-35	1.000000e-35	1.000000e-35	1.000000e-35	1.360003e-10	2.667748e-10	3.975494e-10	5.283240e-10
1.000000e-35	1.000000e-35	1.000000e-35	1.000000e-35	1.000000e-35	1.229228e-10	2.536974e-10	3.844719e-10	5.152465e-10
1.000000e-35	1.000000e-35	1.000000e-35	1.000000e-35	1.000000e-35	1.098453e-10	2.406199e-10	3.713945e-10	5.021691e-10
1.000000e-35	1.000000e-35	1.000000e-35	1.000000e-35	1.000000e-35	9.676789e-11	2.275425e-10	3.583170e-10	4.890916e-10
1.000000e-35	1.000000e-35	1.000000e-35	1.000000e-35	1.000000e-35	1.000000e-35	2.144650e-10	3.452396e-10	4.760141e-10
1.000000e-35	1.000000e-35	1.000000e-35	1.000000e-35	1.000000e-35	1.000000e-35	2.013875e-10	3.321621e-10	4.629367e-10
1.000000e-35	1.000000e-35	1.000000e-35	1.000000e-35	1.000000e-35	1.000000e-35	1.883101e-10	3.190847e-10	4.498592e-10
1.000000e-35	1.000000e-35	1.000000e-35	1.000000e-35	1.000000e-35	1.000000e-35	1.752326e-10	3.060072e-10	4.367818e-10
1.000000e-35	1.000000e-35	1.000000e-35	1.000000e-35	1.000000e-35	1.000000e-35	1.621552e-10	2.929297e-10	4.237043e-10
1.000000e-35	1.000000e-35	1.000000e-35	1.000000e-35	1.000000e-35	1.000000e-35	1.490777e-10	2.798523e-10	4.106269e-10
1.000000e-35	1.000000e-35	1.000000e-35	1.000000e-35	1.000000e-35	1.000000e-35	1.360003e-10	2.667748e-10	3.975494e-10
1.000000e-35	1.000000e-35	1.000000e-35	1.000000e-35	1.000000e-35	1.000000e-35	1.229228e-10	2.536974e-10	3.844719e-10
1.000000e-35	1.000000e-35	1.000000e-35	1.000000e-35	1.000000e-35	1.000000e-35	1.098453e-10	2.406199e-10	3.713945e-10
1.000000e-35	1.000000e-35	1.000000e-35	1.000000e-35	1.000000e-35	1.000000e-35	9.676789e-11	2.275425e-10	3.583170e-10
1.000000e-35	1.000000e-35	1.000000e-35	1.000000e-35	1.000000e-35	1.000000e-35	1.000000e-35	2.144650e-10	3.452396e-10
1.000000e-35	1.000000e-35	1.000000e-35	1.000000e-35	1.000000e-35	1.000000e-35	1.000000e-35	2.013875e-10	3.321621e-10
1.000000e-35	1.000000e-35	1.000000e-35	1.000000e-35	1.000000e-35	1.000000e-35	1.000000e-35	1.883101e-10	3.190847e-10
1.000000e-35	1.000000e-35	1.000000e-35	1.000000e-35	1.000000e-35	1.000000e-35	1.000000e-35	1.752326e-10	3.060072e-10
1.000000e-35	1.000000e-35	1.000000e-35	1.000000e-35	1.000000e-35	1.000000e-35	1.000000e-35	1.621552e-10	2.929297e-10
1.000000e-35	1.000000e-35	1.000000e-35	1.000000e-35	1.000000e-35	1.000000e-35	1.000000e-35	1.490777e-10	2.798523e-10
1.000000e-35	1.000000e-35	1.000000e-35	1.000000e-35	1.000000e-35	1.000000e-35	1.000000e-35	1.360003e-10	2.667748e-10
1.000000e-35	1.000000e-35	1.000000e-35	1.000000e-35	1.000000e-35	1.000000e-35	1.000000e-35	1.229228e-10	2.536974e-10
1.000000e-35	1.000000e-35	1.000000e-35	1.000000e-35	1.000000e-35	1.000000e-35	1.000000e-35	1.098453e-10	2.406199e-10
1.000000e-35	1.000000e-35	1.000000e-35	1.000000e-35	1.000000e-35	1.000000e-35	1.000000e-35	9.676789e-11	2.275425e-10
1.000000e-35	1.000000e-35	1.000000e-35	1.000000e-35	1.000000e-35	1.000000e-35	1.000000e-35	1.000000e-35	2.144650e-10
1.000000e-35	1.000000e-35	1.000000e-35	1.000000e-35	1.000000e-35	1.000000e-35	1.000000e-35	1.000000e-35	2.013875e-10
1.000000e-35	1.000000e-35	1.000000e-35	1.000000e-35	1.000000e-35	1.000000e-35	1.000000e-35	1.000000e-35	1.883101e-10
1.000000e-35	1.000000e-35	1.000000e-35	1.000000e-35	1.000000e-35	1.000000e-35	1.000000e-35	1.000000e-35	1.752326e-10
1.000000e-35	1.000000e-35	1.000000e-35	1.000000e-35	1.000000e-35	1.000000e-35	1.000000e-35	1.000000e-35	1.621552e-10
1.000000e-35	1.000000e-35	1.000000e-35	1.000000e-35	1.000000e-35	1.000000e-35	1.000000e-35	1.000000e-35	1.490777e-10
1.000000e-35	1.000000e-35	1.000000e-35	1.000000e-35	1.000000e-35	1.000000e-35	1.000000e-35	1.000000e-35	1.360003e-10
1.000000e-35	1.000000e-35	1.000000e-35	1.000000e-35	1.000000e-35	1.000000e-35	1.000000e-35	1.000000e-35	1.229228e-10
1.000000e-35	1.000000e-35	1.000000e-35	1.000000e-35	1.000000e-35	1.000000e-35	1.000000e-35	1.000000e-35	1.098453e-10
1.000000e-35	1.000000e-35	1.000000e-35	1.000000e-35	1.000000e-35	1.000000e-35	1.000000e-35	1.000000e-35	9.676789e-11
1.000000e-35	1.000000e-35	1.000000e-35	1.000000e-35	1.000000e-35	1.000000e-35	1.000000e-35	1.000000e-35	1.000000e-35
1.000000e-35	1.000000e-35	1.000000e-35	1.000000e-35	1.000000e-35	1.000000e-35	1.000000e-35	1.000000e-35	1.000000e-35
1.000000e-35	1.000000e-35	1.000000e-35	1.000000e-35	1.000000e-35	1.000000e-35	1.000000e-35	1.000000e-35	1.000000e-35
1.000000e-35	1.000000e-35	1.000000e-35	1.000000e-35	1.000000e-35	1.000000e-35	1.000000e-35	1.000000e-35	1.000000e-35
1.000000e-35	1.000000e-35	1.000000e-35	1.000000e-35	1.000000e-35	1.000000e-35	1.000000e-35	1.000000e-35	1.000000e-35
1.000000e-35	1.000000e-35	1.000000e-35	1.000000e-35	1.000000e-35	1.000000e-35	1.000000e-35	1.000000e-35	1.000000e-35
1.000000e-35	1.000000e-35	1.000000e-35	1.000000e-35	1.000000e-35	1.000000e-35	1.000000e-35	1.000000e-35	1.000000e-35
1.000000e-35	1.000000e-35	1.000000e-35	1.000000e-35	1.000000e-35	1.000000e-35	1.000000e-35	1.000000e-35	1.000000e-35
1.000000e-35	1.000000e-35	1.000000e-35	1.000000e-35	1.000000e-35	1.000000e-35	1.000000e-35	1.000000e-35	1.000000e-35
1.000000e-35	1.000000e-35	1.000000e-35	1.000000e-35	1.000000e-35	1.000000e-35	1.000000e-35	1.000000e-35	1.000000e-35
